  -2.9850746268656718        0.0000000000000000        0.0000000000000000     
  -2.9552238805970150        0.0000000000000000        0.0000000000000000     
  -2.9253731343283582        0.0000000000000000        0.0000000000000000     
  -2.8955223880597019        0.0000000000000000        0.0000000000000000     
  -2.8656716417910451        0.0000000000000000        0.0000000000000000     
  -2.8358208955223883        0.0000000000000000        0.0000000000000000     
  -2.8059701492537314        0.0000000000000000        0.0000000000000000     
  -2.7761194029850746        0.0000000000000000        0.0000000000000000     
  -2.7462686567164183        0.0000000000000000        0.0000000000000000     
  -2.7164179104477615        0.0000000000000000        0.0000000000000000     
  -2.6865671641791047        0.0000000000000000        0.0000000000000000     
  -2.6567164179104479        0.0000000000000000        0.0000000000000000     
  -2.6268656716417911        0.0000000000000000        0.0000000000000000     
  -2.5970149253731343        0.0000000000000000        0.0000000000000000     
  -2.5671641791044779        0.0000000000000000        0.0000000000000000     
  -2.5373134328358211        0.0000000000000000        0.0000000000000000     
  -2.5074626865671643        0.0000000000000000        0.0000000000000000     
  -2.4776119402985075        0.0000000000000000        0.0000000000000000     
  -2.4477611940298507        0.0000000000000000        0.0000000000000000     
  -2.4179104477611943        0.0000000000000000        0.0000000000000000     
  -2.3880597014925375        0.0000000000000000        0.0000000000000000     
  -2.3582089552238807        0.0000000000000000        0.0000000000000000     
  -2.3283582089552239        0.0000000000000000        0.0000000000000000     
  -2.2985074626865671        0.0000000000000000        0.0000000000000000     
  -2.2686567164179108        0.0000000000000000        0.0000000000000000     
  -2.2388059701492540        0.0000000000000000        0.0000000000000000     
  -2.2089552238805972        0.0000000000000000        0.0000000000000000     
  -2.1791044776119404        0.0000000000000000        0.0000000000000000     
  -2.1492537313432836        0.0000000000000000        0.0000000000000000     
  -2.1194029850746272        0.0000000000000000        0.0000000000000000     
  -2.0895522388059704        0.0000000000000000        0.0000000000000000     
  -2.0597014925373136        0.0000000000000000        0.0000000000000000     
  -2.0298507462686568        0.0000000000000000        0.0000000000000000     
  -2.0000000000000000        1.7447916666666667E-004   8.7239583333333334E-005
  -1.9701492537313434        5.2343750000000003E-004   1.5110339076447235E-004
  -1.9402985074626868        1.3085937500000001E-004   7.5551695382236177E-005
  -1.9104477611940300        1.6575520833333334E-003   2.6889045455658945E-004
  -1.8805970149253732        2.3990885416666666E-003   3.2349303296576136E-004
  -1.8507462686567167        4.1875000000000002E-003   4.2738492907935658E-004
  -1.8208955223880599        5.8450520833333332E-003   5.0493559406702157E-004
  -1.7910447761194033        9.0729166666666666E-003   6.2909358191689396E-004
  -1.7611940298507465        1.5485026041666667E-002   8.2185984808263275E-004
  -1.7313432835820897        2.0414062500000000E-002   9.4364037287534099E-004
  -1.7014925373134331        2.9007161458333333E-002   1.1248494742203789E-003
  -1.6716417910447763        3.8777994791666666E-002   1.3005722025568535E-003
  -1.6417910447761197        4.9639322916666666E-002   1.4714812007291809E-003
  -1.6119402985074629        5.8319661458333331E-002   1.5949581445552198E-003
  -1.5820895522388061        6.8744791666666666E-002   1.7316562853720143E-003
  -1.5522388059701495        7.9169921875000007E-002   1.8583259935904077E-003
  -1.5223880597014927        9.1819661458333340E-002   2.0012882110571587E-003
  -1.4925373134328361       0.10346614583333333        2.1244226805894706E-003
  -1.4626865671641793       0.11581054687500000        2.2475835751958667E-003
  -1.4328358208955225       0.12331315104166667        2.3192442644529056E-003
  -1.4029850746268659       0.13578841145833334        2.4337342128014127E-003
  -1.3731343283582091       0.14163346354166667        2.4855627476923470E-003
  -1.3432835820895523       0.15576627604166668        2.6066247350990113E-003
  -1.3134328358208958       0.16348697916666666        2.6704434035310829E-003
  -1.2835820895522390       0.16335611979166667        2.6693744422219118E-003
  -1.2537313432835824       0.16811067708333333        2.7079425236362152E-003
  -1.2238805970149256       0.18228710937500001        2.8198095209528568E-003
  -1.1940298507462688       0.18385742187500001        2.8319291019652916E-003
  -1.1641791044776122       0.19380273437500001        2.9075135249673114E-003
  -1.1343283582089554       0.19484960937500001        2.9153557874243893E-003
  -1.1044776119402988       0.19781575520833333        2.9374618347430205E-003
  -1.0746268656716420       0.20754296875000000        3.0088172192335827E-003
  -1.0447761194029852       0.20728125000000000        3.0069195102972496E-003
  -1.0149253731343286       0.20989843750000001        3.0258430420147132E-003
 -0.98507462686567182       0.22333333333333333        3.1211782185934568E-003
 -0.95522388059701502       0.22132682291666667        3.1071256662501159E-003
 -0.92537313432835822       0.22904752604166667        3.1608551639869405E-003
 -0.89552238805970186       0.24165364583333335        3.2466724021281315E-003
 -0.86567164179104505       0.24941796875000000        3.2984177774803142E-003
 -0.83582089552238825       0.26856705729166669        3.4226947114214304E-003
 -0.80597014925373145       0.27144596354166667        3.4409906100489572E-003
 -0.77611940298507465       0.27807617187500000        3.4827610720018815E-003
 -0.74626865671641829       0.28130403645833335        3.5029164228261148E-003
 -0.71641791044776149       0.29469531250000003        3.5853239932247729E-003
 -0.68656716417910468       0.31305924479166669        3.6953455910288691E-003
 -0.65671641791044788       0.31672330729166664        3.7169079461348174E-003
 -0.62686567164179108       0.34302604166666667        3.8681681030872119E-003
 -0.59701492537313472       0.34991796875000003        3.9068336152565004E-003
 -0.56716417910447792       0.36435611979166665        3.9866198762595296E-003
 -0.53731343283582111       0.37102994791666666        4.0229652037047483E-003
 -0.50746268656716431       0.38708203125000001        4.1090677240750309E-003
 -0.47761194029850751       0.40339583333333334        4.1947636654764454E-003
 -0.44776119402985115       0.42446419270833335        4.3029106028242498E-003
 -0.41791044776119435       0.43938216145833336        4.3778714399651114E-003
 -0.38805970149253755       0.44749544270833336        4.4181057007183829E-003
 -0.35820895522388074       0.46982877604166667        4.5270115230627026E-003
 -0.32835820895522394       0.48055924479166667        4.5784161170980484E-003
 -0.29850746268656758       0.49482291666666667        4.6458661772475068E-003
 -0.26865671641791078       0.51157291666666671        4.7238442022688506E-003
 -0.23880597014925398       0.52993684895833337        4.8078825846782384E-003
 -0.20895522388059717       0.53604361979166670        4.8355052496671311E-003
 -0.17910447761194037       0.55488736979166664        4.9197633549569360E-003
 -0.14925373134328401       0.56177929687500006        4.9502218023371423E-003
 -0.11940298507462721       0.55698111979166665        4.9290364583333334E-003
  -8.9552238805970408E-002  0.57739518229166664        5.0185513408651629E-003
  -5.9701492537313605E-002  0.58075390625000001        5.0331267021830337E-003
  -2.9850746268656803E-002  0.57713346354166672        5.0174138202413862E-003
  -4.4408920985006262E-016  0.58860546874999997        5.0670354173555643E-003
   2.9850746268656358E-002  0.58389453125000002        5.0467175280999223E-003
   5.9701492537313161E-002  0.57281510416666670        4.9986073567814832E-003
   8.9552238805969964E-002  0.57870377604166667        5.0242350808506987E-003
  0.11940298507462677       0.56640299479166667        4.9705513408663813E-003
  0.14925373134328312       0.55030729166666670        4.8994172526074537E-003
  0.17910447761193993       0.53879166666666667        4.8478841004850875E-003
  0.20895522388059673       0.52548763020833333        4.7876571465694856E-003
  0.23880597014925353       0.53019856770833329        4.8090696673475800E-003
  0.26865671641791034       0.51218359375000000        4.7266628454396484E-003
  0.29850746268656714       0.49757096354166669        4.6587489489207396E-003
  0.32835820895522350       0.48575000000000002        4.6030765583556545E-003
  0.35820895522388030       0.46376562500000001        4.4977060758414908E-003
  0.38805970149253710       0.45473632812499998        4.4537067591027451E-003
  0.41791044776119390       0.42969856770833331        4.3293604611885301E-003
  0.44776119402985071       0.42607812500000003        4.3110832798989116E-003
  0.47761194029850706       0.40518424479166665        4.2040518960198585E-003
  0.50746268656716387       0.39475911458333335        4.1496156854150716E-003
  0.53731343283582067       0.37198958333333332        4.0281643619855109E-003
  0.56716417910447747       0.36252408854166668        3.9765846170219639E-003
  0.59701492537313428       0.34607942708333334        3.8853458674221472E-003
  0.62686567164179063       0.33225195312500000        3.8069359038675186E-003
  0.65671641791044744       0.32248111979166666        3.7505411958470574E-003
  0.68656716417910424       0.30136914062499998        3.6256942961072807E-003
  0.71641791044776104       0.29630924479166665        3.5951283046255574E-003
  0.74626865671641784       0.28911197916666664        3.5511975866723711E-003
  0.77611940298507420       0.27846874999999999        3.4852186245165570E-003
  0.80597014925373101       0.26935221354166666        3.4276941870072090E-003
  0.83582089552238781       0.26001757812499998        3.3677756141827090E-003
  0.86567164179104461       0.24204622395833333        3.2493085207111133E-003
  0.89552238805970141       0.24928710937500001        3.2975523917176883E-003
  0.92537313432835777       0.23694270833333334        3.2148703822138403E-003
  0.95522388059701457       0.23074869791666666        3.1725715327600729E-003
  0.98507462686567138       0.22782617187500001        3.1524165577222962E-003
   1.0149253731343282       0.21639778645833332        3.0723323977786521E-003
   1.0447761194029845       0.20736848958333334        3.0075522129892171E-003
   1.0746268656716418       0.20265755208333333        2.9731936031062037E-003
   1.1044776119402981       0.19628906250000000        2.9261045799313652E-003
   1.1343283582089554       0.19362825520833332        2.9062044238091144E-003
   1.1641791044776117       0.18420638020833333        2.8346153051795739E-003
   1.1940298507462681       0.17888476562500000        2.7933700451073422E-003
   1.2238805970149254       0.17666015625000001        2.7759465433300013E-003
   1.2537313432835817       0.16920117187500000        2.7167112225894310E-003
   1.2835820895522390       0.16767447916666667        2.7044270833333334E-003
   1.3134328358208953       0.15663867187500000        2.6139139683874178E-003
   1.3432835820895517       0.15118619791666668        2.5680168332782470E-003
   1.3731343283582089       0.14394531250000001        2.5057662585810411E-003
   1.4029850746268653       0.13474153645833334        2.4243344961368410E-003
   1.4328358208955225       0.12187369791666666        2.3056680838254382E-003
   1.4626865671641789       0.11751171875000001        2.2640310709588171E-003
   1.4925373134328352       0.10717382812500000        2.1621517187588018E-003
   1.5223880597014925        9.3128255208333330E-002   2.0154987200362261E-003
   1.5522388059701488        8.4666015625000007E-002   1.9217476324453336E-003
   1.5820895522388061        6.8264973958333336E-002   1.7256024867254118E-003
   1.6119402985074625        5.9497395833333334E-002   1.6109823124290351E-003
   1.6417910447761188        4.7327473958333331E-002   1.4368070692240111E-003
   1.6716417910447761        3.5506510416666665E-002   1.2445025460742656E-003
   1.7014925373134324        2.9966796875000000E-002   1.1433046123430176E-003
   1.7313432835820897        2.0457682291666668E-002   9.4464799769297973E-004
   1.7611940298507460        1.5266927083333333E-002   8.1605157849561874E-004
   1.7910447761194024        8.8548177083333339E-003   6.2148636645047227E-004
   1.8208955223880596        6.9355468750000003E-003   5.5002464470412687E-004
   1.8507462686567160        3.4895833333333333E-003   3.9014727732418210E-004
   1.8805970149253732        2.3990885416666666E-003   3.2349303296576136E-004
   1.9104477611940296        1.3958333333333333E-003   2.4675080385155564E-004
   1.9402985074626860        4.7981770833333334E-004   1.4467048239180454E-004
   1.9701492537313432        1.7447916666666667E-004   8.7239583333333334E-005
   1.9999999999999996        3.9257812500000002E-004   1.3085937500000001E-004
   2.0298507462686568        4.3619791666666667E-005   4.3619791666666667E-005
   2.0597014925373132        0.0000000000000000        0.0000000000000000     
   2.0895522388059695        4.3619791666666667E-005   4.3619791666666667E-005
   2.1194029850746268        0.0000000000000000        0.0000000000000000     
   2.1492537313432831        0.0000000000000000        0.0000000000000000     
   2.1791044776119404        0.0000000000000000        0.0000000000000000     
   2.2089552238805967        0.0000000000000000        0.0000000000000000     
   2.2388059701492531        0.0000000000000000        0.0000000000000000     
   2.2686567164179103        0.0000000000000000        0.0000000000000000     
   2.2985074626865667        0.0000000000000000        0.0000000000000000     
   2.3283582089552239        0.0000000000000000        0.0000000000000000     
   2.3582089552238803        0.0000000000000000        0.0000000000000000     
   2.3880597014925367        0.0000000000000000        0.0000000000000000     
   2.4179104477611939        0.0000000000000000        0.0000000000000000     
   2.4477611940298503        0.0000000000000000        0.0000000000000000     
   2.4776119402985075        0.0000000000000000        0.0000000000000000     
   2.5074626865671639        0.0000000000000000        0.0000000000000000     
   2.5373134328358202        0.0000000000000000        0.0000000000000000     
   2.5671641791044775        0.0000000000000000        0.0000000000000000     
   2.5970149253731338        0.0000000000000000        0.0000000000000000     
   2.6268656716417911        0.0000000000000000        0.0000000000000000     
   2.6567164179104474        0.0000000000000000        0.0000000000000000     
   2.6865671641791038        0.0000000000000000        0.0000000000000000     
   2.7164179104477610        0.0000000000000000        0.0000000000000000     
   2.7462686567164174        0.0000000000000000        0.0000000000000000     
   2.7761194029850746        0.0000000000000000        0.0000000000000000     
   2.8059701492537310        0.0000000000000000        0.0000000000000000     
   2.8358208955223874        0.0000000000000000        0.0000000000000000     
   2.8656716417910446        0.0000000000000000        0.0000000000000000     
   2.8955223880597010        0.0000000000000000        0.0000000000000000     
   2.9253731343283582        0.0000000000000000        0.0000000000000000     
   2.9552238805970146        0.0000000000000000        0.0000000000000000     
   2.9850746268656709        0.0000000000000000        0.0000000000000000     
