   2.0000000000000000        1.1105450349459083        3.2496342261164497E-003
   1.8599999999999999        1.1170351735252553        2.8332095156427609E-003
   1.7200000000000000        1.1175176420807424        3.1585034140499111E-003
   1.5800000000000001        1.1146339596333585        2.7163189469660031E-003
   1.4399999999999999        1.1252527498360054        5.4248504728056151E-003
   1.3000000000000000        1.1328946087252882        2.9878730132334623E-003
   1.1600000000000001        1.1341934929690090        3.1407990513359829E-003
   1.0200000000000000        1.1423915247139500        5.5092095371566440E-003
  0.87999999999999989        1.1447655609824918        4.5393909569783619E-003
  0.73999999999999999        1.1479618179940090        2.9018459019085714E-003
  0.60000000000000009        1.1472315509377262        2.5778178375646782E-003
  0.45999999999999996        1.1553728237280025        3.3497532774967300E-003
  0.32000000000000006        1.1591758784670994        2.8393884585225502E-003
  0.17999999999999994        1.1675512388538789        3.5610421500825340E-003
   4.0000000000000036E-002   1.1714511423902496        2.9012592319337788E-003
 -0.10000000000000009        1.1713119061404931        6.1028219300403369E-003
 -0.24000000000000021        1.1750968835913607        3.2164383133288558E-003
 -0.37999999999999989        1.1830484072983465        3.9287838920210498E-003
 -0.52000000000000002        1.1893998142624833        3.7211461268668693E-003
 -0.66000000000000014        1.1923928358712448        2.6797802238446096E-003
 -0.79999999999999982        1.2017627553013990        3.5304354269544307E-003
 -0.93999999999999995        1.2024292285325353        4.2720618223973314E-003
  -1.0800000000000001        1.2036458417063503        4.9886118619417320E-003
  -1.2200000000000002        1.2115654653730350        4.3538464024204700E-003
  -1.3599999999999999        1.2133227593782747        4.4459167084847815E-003
  -1.5000000000000000        1.2196757227319184        3.3102130217056948E-003
  -1.6400000000000001        1.2206960409808396        3.7877069823731907E-003
  -1.7799999999999998        1.2204276959728810        4.9775230099231771E-003
  -1.9199999999999999        1.2363145659529040        4.1495132191948485E-003
  -2.0599999999999996        1.2315263450565073        3.4007931887289375E-003
  -2.2000000000000002        1.2273506666917220        3.2819336717925230E-003
  -2.3399999999999999        1.2336659372837635        4.0629007081959033E-003
  -2.4800000000000004        1.2283468538762063        6.5177277035925480E-003
  -2.6200000000000001        1.2225207438439765        4.1339471657952662E-003
  -2.7599999999999998        1.2289392338696592        2.8848632140303478E-003
  -2.9000000000000004        1.2192785191938662        3.2397911866656535E-003
  -3.0400000000000000        1.2115809452041872        3.5340459086226905E-003
  -3.1799999999999997        1.2023405525567235        3.6221345261868900E-003
  -3.3200000000000003        1.1820701636151150        3.5320530108061375E-003
  -3.4600000000000000        1.1623174666419063        3.2459880767783662E-003
  -3.5999999999999996        1.1351986859059040        5.8563794269613665E-003
  -3.7400000000000002        1.0933325060315806        3.9515686845840716E-003
  -3.8799999999999999        1.0439262853346445        5.4660808104639571E-003
  -4.0199999999999996       0.97645538857669589        4.8523343287311680E-003
  -4.1600000000000001       0.90272618177912434        5.3397700840870652E-003
  -4.2999999999999998       0.79897122485920380        5.4430420617902374E-003
  -4.4400000000000004       0.67951647445361918        6.2724891799115076E-003
  -4.5800000000000001       0.53833023057955465        6.5940637055777870E-003
  -4.7199999999999998       0.36290523590388202        8.7817507964680526E-003
  -4.8600000000000003       0.18962456345218290        7.1474869883851877E-003
  -5.0000000000000000        2.3698686651973357E-002   8.9758623266992989E-003
