           0  0.25318287983420851       0.26915549965718016       0.28583455735077562       0.30085090945909271       0.32050040128936746       0.34123361342225345       0.37329625448497594       0.40358826303533696       0.43118371938478073       0.46077390972857785       0.50377020717620580       0.54990579435570164       0.59327491942875454       0.65173589093256135       0.70524322531794248       0.77438231551265668       0.83795244346502640       0.91801504291879021       0.99627178772635516        1.0862429043720063        1.1804964985890756        2.2348410114652459E-003   3.1621676052097244E-003   3.9807097105650259E-003   6.3595325995051983E-003   3.9861491053489141E-003   6.0979912435854856E-003   3.6432452185984512E-003   5.3145476450608591E-003   4.0815210095067195E-003   4.3091524163243293E-003   4.0816627263721792E-003   4.7987368099319154E-003   5.0832919908914385E-003   4.9825958726141652E-003   6.4163850742928463E-003   6.6499274440363944E-003   5.3759270165167541E-003   3.9959865140497229E-003   7.2550579171923391E-003   6.0499583195036998E-003   8.6216421899414225E-003
           1   6.1729296674318992E-002   7.2314406497421671E-002   7.9350893541528980E-002   8.4820903550915400E-002   9.7174192222426375E-002  0.10744188751327183       0.12693092455175162       0.13927902590104929       0.15832406735947488       0.18908591193801932       0.21399840300697029       0.24920881235214667       0.29436633961014641       0.34349299219788682       0.38780727031956475       0.45339046862957916       0.50975950175417961       0.60129955036219918       0.67757314054758655       0.78580349890622292       0.88217336541070268        3.5592060292082058E-003   2.1604407798160026E-003   3.3882016840113532E-003   3.1668008898438878E-003   3.6439655528404473E-003   4.4172717032131626E-003   3.3258983571183248E-003   2.9868770955304978E-003   4.3900713652781000E-003   4.4100110359144504E-003   4.9532256682343371E-003   6.7908556199005920E-003   5.3127780251656567E-003   5.5648275836215604E-003   4.7954965178058475E-003   6.0296250034522587E-003   5.3873781264912636E-003   7.7191944313648115E-003   8.8044661643027437E-003   1.1457274940968784E-002   8.4988565109268763E-003
           2   1.8402757321980084E-002   2.2372926138460095E-002   1.9415793970548836E-002   2.6736027769513573E-002   2.5936009693895874E-002   2.9346992522234459E-002   4.5095195896075038E-002   4.8581513270587399E-002   6.4787097443751121E-002   7.9027657178957073E-002   9.2094358389767234E-002  0.11498404232474004       0.13655709346281458       0.17985449845930629       0.21489578338361678       0.26028982806074585       0.32126311819862369       0.38332298297071404       0.45953446011200844       0.55606575368094535       0.65798421679425101        1.7933088133404349E-003   4.3816508791089748E-003   3.3664893603510106E-003   2.4936650163892137E-003   2.8941198192709364E-003   3.0738550563424024E-003   5.7782531164988571E-003   4.8529287571119914E-003   5.8681854495339454E-003   4.1611733724930587E-003   5.6260902602132913E-003   6.1402248945342701E-003   4.9827331164028713E-003   5.2653184432830463E-003   7.7105386865600591E-003   5.8928215578708644E-003   6.8208598928912552E-003   9.6079214241638466E-003   9.4276902096897680E-003   1.0869891215448527E-002   8.0998057656706170E-003
           3   2.6738921544187831E-003   2.3584725778404486E-003   2.8028857104314638E-003   6.9183120471911332E-003   1.1157146458821219E-002   1.1177898756407602E-002   1.4253707367662150E-002   1.3430929633567205E-002   2.0242604273879885E-002   3.2435011068038054E-002   4.0556532879630527E-002   5.2266823141268848E-002   6.5249601601489654E-002   9.8000850265545128E-002  0.11124927805073032       0.14509672842686244       0.19733487469523389       0.25382043849859326       0.30523094916141080       0.39345905270836501       0.50028454502092512        2.9569742186169997E-003   2.5555804236069147E-003   2.9592416829566886E-003   3.2644049590068941E-003   3.0490657538561963E-003   5.1333847623940684E-003   4.0625867593215527E-003   4.3453201841232693E-003   7.9594689006425561E-003   5.2217391148216370E-003   6.6472314496502788E-003   5.3535051487545232E-003   1.1585815293176142E-002   6.9332460891919235E-003   6.3057805217123031E-003   1.0996050864970089E-002   6.8293446517793469E-003   1.1340417430394408E-002   9.7079006955592996E-003   1.1659906479266577E-002   1.0735148767248910E-002
           4   8.2098766324864222E-004   9.1564147271214517E-004   1.0602722037820454E-003   2.1869244311490061E-003   8.5270609956545063E-003   2.6438092370486806E-003   1.6453616258196968E-002   2.8795995772863568E-003   8.8325010526240904E-003   1.2279559384305671E-002   2.1991595385687557E-002   2.3479846624508614E-002   3.4345759913422966E-002   5.3836719937551930E-002   6.7942262934047135E-002   8.1976217854101682E-002  0.13360914164401255       0.15815287486345272       0.20363884764478551       0.28724582811417804       0.36829518238534409        2.1792453378371040E-003   2.8201100637589948E-003   3.7366919244985019E-003   3.3696118694058314E-003   2.9487907791346866E-003   3.2707703343127490E-003   5.6267765132941823E-003   4.9710164338430604E-003   4.5083363803768558E-003   5.5307563492554808E-003   5.6501073720824505E-003   6.9490634592999671E-003   5.3928515741200490E-003   8.4508557124059521E-003   7.9048329236244864E-003   9.3328738689369330E-003   1.0060240393553455E-002   1.2489681326172708E-002   1.1946917867369877E-002   1.0446084646975471E-002   1.4104500666522961E-002
           5   1.2675646217754548E-003   2.5063144615050945E-003   7.5511775537241070E-004  -2.5940917930763353E-003   3.5327818118566603E-004   3.9831864813918740E-003   9.0356235079572678E-003  -4.9347519076785393E-003   9.8288346310196188E-004   6.5248643153009347E-003   6.7220864341822600E-003   9.3999509800772943E-003   1.8267496197577341E-002   2.7454376644132188E-002   3.5107750543668201E-002   4.8551853534542486E-002   8.6503840348403319E-002   9.8333296145732260E-002  0.12809040093201404       0.22248983256580698       0.25996770658780338        3.4260021173297063E-003   2.8370494984942722E-003   2.0902238069470556E-003   2.3348639544658240E-003   3.9465078894871108E-003   3.5052395894733042E-003   5.3083741894639942E-003   3.0977239262063340E-003   4.6359915611822811E-003   4.6981912270320702E-003   5.2584455034356608E-003   5.8919069487951819E-003   5.3215211806539216E-003   7.3605607160217119E-003   6.9466600086319219E-003   8.8982003756295884E-003   1.4401865820877319E-002   1.1483580682815632E-002   1.1428197196918150E-002   1.2126602149581646E-002   1.3405332900589526E-002
           6  -1.5105979953502929E-003  -1.5434686373616451E-003   4.0445800369192080E-003  -5.4291270370019533E-003  -3.0318172813936831E-003   1.3090129153926382E-003   3.5372700179538774E-003  -2.0678144444828670E-003   4.1525937407933880E-003   2.5750214418067941E-003   9.4258339570767805E-003   8.2358141502032779E-003  -3.9747293554620762E-003   1.1682299343078578E-002   2.2200276788548984E-002   4.0102010580721111E-002   6.2549753883912415E-002   6.9202232632275373E-002   8.4406063198404893E-002  0.15339819108581987       0.18825824235217720        2.7781656454358480E-003   2.4611962333966012E-003   3.7686928320673344E-003   3.6816570239703405E-003   3.2713112046178806E-003   3.1586735604801457E-003   5.8225849383674137E-003   4.6792902038186738E-003   4.4845228310994240E-003   6.6639928683383809E-003   6.0172439609112007E-003   6.3587624475023854E-003   4.4782400598385990E-003   6.8993345428478466E-003   8.8129393654170097E-003   1.1397714719735035E-002   9.9505780282759353E-003   8.3945915099504498E-003   1.4406363914276334E-002   1.1416776615789472E-002   1.5427966485936062E-002
           7   1.2435165455972367E-003  -8.8916427747776951E-004   3.4623013453272290E-004  -1.8913897967235947E-003  -2.5819280939766540E-003   4.1210987915029961E-003   4.2540318737605831E-003  -1.1857331590998642E-003   3.7629608671902095E-003   1.7454682380617340E-003   1.1666580261917412E-003   9.5130350764457137E-004  -1.4410613684303733E-002   1.7507657013244779E-003   1.5922177252751721E-002   2.2167593003632455E-002   3.3047015734532371E-002   5.6737944029511218E-002   6.0953638695453102E-002  0.11182775490227052       0.12976363970023350        3.3970366642840965E-003   2.4324811559737597E-003   1.9031554484890524E-003   3.3429746882392129E-003   3.0543149533773313E-003   4.4227597474643049E-003   4.2157278436851242E-003   5.0839164992002054E-003   2.7793647659019429E-003   4.0018021528132833E-003   3.8196233735020443E-003   7.9884687368419905E-003   5.8173857554342009E-003   4.5846229099127571E-003   1.0119016772279938E-002   7.1651260557240469E-003   1.2047614317546470E-002   8.9986760731830904E-003   1.1984403898943148E-002   6.4528045801223472E-003   1.6737289169636849E-002
           8  -3.9171514715070658E-003  -4.6832932528673449E-003  -1.1983384351996443E-003  -2.5535916255606810E-003   9.0802891881993665E-004   2.3434375541654252E-003   1.8819872910359880E-003  -5.1204308806397378E-003   2.3830528001449942E-003  -2.5103444944677127E-003   4.0522974928298176E-003  -5.3755931519922778E-003   3.5112939339862147E-003  -5.5756947366046227E-003   9.6773005065829386E-003   1.5583510633932803E-003   1.9885287579265196E-002   3.7696717378100035E-002   5.2918992456827393E-002   9.1438922393319452E-002   9.4660505161732245E-002   2.1375569327526517E-003   2.3648682859434681E-003   2.5466651588226166E-003   3.7325268424670101E-003   3.3290832444802187E-003   2.8036596837500466E-003   2.7554960488675425E-003   6.2482174192585076E-003   4.7674690149296416E-003   5.5412398312372161E-003   4.4191507139461680E-003   5.9905130988209343E-003   6.8823448292951129E-003   7.4773702538516989E-003   8.9550567644318575E-003   8.8623558914515156E-003   1.0050120586904099E-002   1.3547755580747074E-002   1.3100066954612256E-002   1.0122098442349795E-002   1.7358596821738913E-002
           9   4.7221080048552333E-004  -9.5373192727338739E-004   9.2852224626682961E-004  -1.6822170537715985E-003   1.2469399008110684E-003  -2.4031152070040818E-003   1.4520047284980536E-003  -6.5270025492375795E-003   5.7096535833947712E-004   1.7956552432471129E-003   4.0653101124732182E-003  -2.5596791950138792E-003   5.0092521349527110E-003  -5.2168672686627353E-003   4.3070932344940454E-003  -4.0332293459509826E-004   1.6668407244559421E-002   2.3580763676296787E-002   3.9791401458324119E-002   6.1237223764846083E-002   7.2919974862148990E-002   3.9029683354151164E-003   4.0406241964381293E-003   2.8489387702751155E-003   3.1929409559923985E-003   3.3825820892568067E-003   4.4810378016558712E-003   4.1976389825889296E-003   3.7022012314136062E-003   3.9222086937630192E-003   8.3182835413650041E-003   6.7301304662516614E-003   4.2408262456850232E-003   1.0320430980987181E-002   7.0140303090395180E-003   1.1211633200943039E-002   7.8024826275671106E-003   9.4452474621216555E-003   1.1139562612193288E-002   9.2637936040969628E-003   8.6016863611330929E-003   1.5040557199042291E-002
          10   3.3211595785386486E-003  -1.2125933313294924E-003   1.0693006371835826E-003   1.0959599283974217E-003   2.0600455194288584E-003  -1.1642554972246014E-003  -4.4324286629638396E-003  -1.0606274325600650E-003  -3.6413938921727495E-003   4.2304993551650922E-003  -4.4316018097087769E-003  -7.8266067628587118E-003  -1.9244609875399791E-003  -4.7964287824504110E-003   1.9566391959166861E-003  -6.2728859046075631E-003   7.7768336397873077E-003   6.6679706647965456E-003   3.0680540045626047E-002   4.5126626177989904E-002   4.6258472624027484E-002   2.1240393533425946E-003   2.3324758842813652E-003   3.4176154760253573E-003   3.0992815991901764E-003   4.0004059235548076E-003   3.8332117450776554E-003   3.3170258821702105E-003   6.9467026814974556E-003   4.9339007105560304E-003   4.7433888173988061E-003   5.3498437350449120E-003   5.7084998290773056E-003   6.7116434515414611E-003   4.9008742545523839E-003   9.0732800676785984E-003   8.1234171928472789E-003   9.8763643854567484E-003   1.1451730955650569E-002   9.2282378370928692E-003   7.2765594938811054E-003   1.8285432971650296E-002
          11  -2.2852965591274995E-003   3.0324291717656620E-004  -1.3281472796828804E-003   1.6859647739509737E-003   3.4409125949341943E-003  -3.5766242406821340E-003   8.5758272851970828E-004  -2.8474385508463983E-003  -4.7721928793786599E-003   1.7771494197522317E-003  -2.9773439383378370E-003  -1.6792212334780364E-003   1.5517217521165653E-003  -6.1019611089603116E-003   5.7045603370716605E-003  -1.6203457191899932E-003   2.8559265281241472E-003   6.1871953264069713E-003   2.3666604375999430E-002   3.2381568221704529E-002   2.6462429786202120E-002   2.3121206589076745E-003   2.0483645704839383E-003   2.9904527178245760E-003   3.8928336100962084E-003   4.1697002626144217E-003   1.8997088758406027E-003   3.3263559087234182E-003   4.7647102279169355E-003   4.0112436360477217E-003   4.1861329500561513E-003   4.0507382671258916E-003   6.6185970242855635E-003   7.7637879979732104E-003   5.7869526305686959E-003   7.2863529943825913E-003   1.0432889135336946E-002   8.8894121559444511E-003   1.2386851454777560E-002   1.0816541794928409E-002   7.2253800727935568E-003   1.5992095212949201E-002
          12   2.0805714136824575E-003  -1.8038642048447439E-003  -6.2339902988360896E-003  -3.8416783710083156E-004  -7.8938844239917624E-004  -3.1440830829082084E-004   6.4491362232188005E-003  -8.3064062291436421E-003  -4.8311961573646181E-003   7.1129214762275534E-003   3.0317385590326179E-003  -3.8550427415256563E-003  -7.5525223672894980E-004   5.3847560876364312E-003  -2.2106505336033541E-004  -5.4668994692692371E-003   1.0346241913129707E-003  -3.0472389862700954E-003   1.5955222058707232E-002   1.9489953010725942E-002   1.5613564620181328E-002   1.9937225493095296E-003   1.9160844518414956E-003   2.3972217255262525E-003   3.5019891121143600E-003   4.0616236247299174E-003   3.9024208334620205E-003   4.2709793412850083E-003   4.1778080657320837E-003   3.7547092409507248E-003   5.2787655513083370E-003   4.3529270398005712E-003   7.4681090552195595E-003   6.3392379585602496E-003   6.1600535300867162E-003   7.3168781012227348E-003   7.1681582314163904E-003   9.7889168699353529E-003   1.0829126720684678E-002   1.0791015763736755E-002   1.1567336058852002E-002   1.6039943351241922E-002
          13  -6.4850272332331782E-004   2.1070206783072153E-003  -4.6069601564047765E-003  -3.0649412497681067E-003   2.6245506421920316E-003  -4.4724366305955746E-004  -1.0380924109333089E-003  -2.1084251384750335E-004   2.9371033706997716E-003   1.4354217410261229E-003   6.2300893101151101E-003   6.7003040486988825E-005   3.2446123273780275E-003   7.7783676139486545E-003  -1.1076542720873845E-003  -3.9088360797648360E-003  -2.7856668755678092E-003   6.8860354457604526E-004   2.2853726181321376E-002   1.9601458849433463E-002   1.5144760149534324E-002   3.4165691741119843E-003   3.9322893672636642E-003   2.5834445221626832E-003   3.2547243648513970E-003   3.2051636652425399E-003   3.5520184983895186E-003   3.1411264670600536E-003   4.3186826436446505E-003   4.1825469317799810E-003   5.5765172719603722E-003   5.2153928524375824E-003   5.4026065550696750E-003   6.1783952247197746E-003   6.9496829635291206E-003   6.6088883772798309E-003   7.5567101325602912E-003   9.4757583525815602E-003   8.3694042676324392E-003   9.3851438447404255E-003   1.0253091030253656E-002   1.4262001464731883E-002
          14   2.8122962197603602E-003   9.5763543670439593E-004   1.2468793264449067E-004  -6.5813306553211045E-003   3.4158614263606474E-003   7.5420292468352399E-005   1.9590464055522080E-003  -4.0354364898756677E-003   5.0723545559443466E-004   8.3507638003189038E-003   3.0791727685689236E-003   6.2091752378781433E-003   5.7124070813071390E-003   3.0586020404847615E-003  -1.0811897581704349E-002   7.0086258469851019E-003  -5.5082876134716447E-003  -6.6548826868919660E-003   2.2542221712695033E-002   2.4204786144346475E-002   1.7540979422642197E-002   3.5215075478900598E-003   2.8201044587320479E-003   2.1321420021845850E-003   1.9579897451976629E-003   3.7504914321717913E-003   4.5784662571387883E-003   3.3544934248393912E-003   3.2721028167691439E-003   4.7953376123297930E-003   5.2348480150879997E-003   4.7865014481448705E-003   5.9957764995899592E-003   6.9078272536620342E-003   5.9201611897480707E-003   1.1779866955247277E-002   5.8955130158167444E-003   1.4579463196481322E-002   9.2519005858656325E-003   9.2572130053932555E-003   1.1844634375102721E-002   1.6641931847437872E-002
          15   9.5157961654016693E-004  -1.0471597036930910E-003   5.6559320830547560E-004  -4.4768385161976258E-003   3.7161202414707378E-003  -3.7313355437797718E-003  -5.5144304121314408E-003  -3.1102135131523588E-003  -7.3619622138878819E-003   6.4816192229253961E-003   6.5477034584598276E-003   2.7960806737965379E-003   6.5081122804989625E-003   2.2504401773823842E-003  -1.2539223347074460E-003   8.2251223382611392E-003  -4.5007793704882641E-003   1.4025690764913224E-004   2.8187750243621780E-002   2.3070494266606137E-002   1.4788339544432072E-002   2.3817843157156980E-003   2.9532986311366560E-003   3.6922537279899417E-003   5.7194819008371395E-003   5.9746986074952048E-003   4.0970073613743278E-003   3.7320302833082708E-003   3.4247986604981182E-003   2.9698523605726289E-003   3.7597312827313757E-003   4.9939700988008802E-003   8.0162966923710468E-003   8.3705497579885674E-003   5.9251136951124677E-003   1.0918873685364710E-002   1.0981780533851675E-002   1.2004433926461191E-002   8.3807132196085828E-003   1.2194586110022325E-002   1.1418586677182298E-002   1.6347354892720267E-002
          16   1.3332118069746552E-003   1.2835066884540425E-003  -6.4139471290612819E-006  -3.8451670734230685E-004   4.1611815388046733E-004  -8.2225672801884274E-004  -9.1829267710026119E-004   2.8609676168894140E-003  -5.0659274433067737E-003   4.6593306172223910E-003   5.5043972651086159E-003   1.6374833229207066E-003   4.0995859272059130E-003   2.0852504608851138E-003   5.8893660849628545E-003   8.6513386071852012E-003  -8.6175953433333336E-004   9.7533959475238285E-004   1.1582704823256625E-002   1.5423150917946913E-002   3.2749280724651514E-003   1.8935385303028727E-003   2.9399339616869367E-003   3.2549612224446944E-003   3.9787224521511556E-003   3.5122721703804262E-003   4.3509774870054731E-003   4.6802151295822093E-003   4.5623101152019244E-003   4.5662266536642213E-003   4.4220730358772026E-003   6.7521523140122277E-003   7.4969319961310267E-003   8.0040633004394030E-003   6.1317557855040481E-003   1.0378926140932618E-002   7.1781948793894056E-003   1.0500451247014342E-002   1.1104929717026278E-002   1.4463963270134540E-002   1.4265848382404829E-002   1.9002236474175885E-002
          17   2.6561214937063727E-003   2.0875109377906965E-006   3.7704995947497617E-003   1.1891948808650022E-003  -2.9294243526207305E-004  -1.0989291586333925E-003  -2.4507600637187934E-003   7.8967001704701866E-004  -4.3493062415003213E-003  -3.0107584812839971E-003   2.2055559279029698E-003  -6.6646709510077484E-003   4.1451231885140183E-003  -6.2316966555067983E-003   5.8515764686991826E-003  -3.3602936973600565E-004  -8.6564411283451617E-003   2.9813436478626585E-003   1.2630078277219311E-002   1.5368857905675444E-002   7.2865966640560205E-003   1.8907195205888623E-003   3.7414472344688360E-003   2.1532445632353380E-003   2.8719700533338366E-003   1.5790866487824567E-003   4.1246640380673836E-003   3.6903639340703630E-003   7.1092908787103041E-003   3.5680933997003610E-003   5.5147995530005168E-003   6.5288174971977605E-003   5.6248222060559802E-003   6.2854652794464430E-003   6.3700942789666239E-003   9.2563949688083975E-003   6.8886040330556350E-003   7.8839896317385808E-003   1.4228224371251385E-002   1.3406446602344262E-002   1.3424935003124160E-002   1.7437294199249463E-002
          18   1.3855111849154368E-003  -2.2360139774659270E-003   2.1635605024748670E-003   3.7895788592764591E-003  -5.3872634160464724E-004   5.0720335760509616E-004   4.9139912218127656E-003   6.5414139976667442E-004   3.8055165900880406E-003  -2.4496125582702489E-003  -1.7842471146967251E-003  -1.0478059770853216E-002   8.6958889243201592E-003  -7.0296636949104228E-003   5.1337825909908161E-003   9.2889257700694424E-004  -1.2007220374342488E-002   8.8440746606559765E-003   1.2782154030946041E-002   6.2814734838430664E-003   1.1987733876013268E-002   3.1638722569543708E-003   2.4086046170947190E-003   5.1161181712297398E-003   3.3215596643368108E-003   3.0044209360006167E-003   4.7847739689613807E-003   4.0070190324439474E-003   5.2563032784465648E-003   4.0302856407590211E-003   4.6321414143800288E-003   5.0075921487399344E-003   6.7037108502434216E-003   6.1771688941346251E-003   4.0357145216853912E-003   6.7822113706023351E-003   6.7717782317579540E-003   8.7708922219774822E-003   8.8137563876914127E-003   1.3306830583252899E-002   1.0930426350989224E-002   1.4942083394194741E-002
          19   3.9986428679387878E-003  -1.3077689750668625E-003   1.1927244834013923E-003   3.6633981354985174E-003   1.2091377675198473E-003   2.3625226087845615E-003   4.8700841571560089E-003  -6.5156446787112421E-004   2.6780194114158585E-004  -1.6367882455967946E-003   1.2222423666302528E-003  -2.2099582942589130E-003   3.2255922147614020E-003  -2.8872460584552437E-003   5.1300843856500276E-003   6.9057617973459088E-003  -6.0569836582193178E-003   1.0496304571745928E-002   1.3995724420876992E-004   1.1044534975035132E-002  -9.5303514771564687E-004   2.7277651797056176E-003   3.9536903909583370E-003   4.1586763052276548E-003   4.0395509034612722E-003   2.6977115520769703E-003   5.5038708334022354E-003   2.9241596452339530E-003   3.7682771939532094E-003   3.7866010707855017E-003   4.9286430512112001E-003   7.0313949263353295E-003   8.1461875449449633E-003   8.2956898824332447E-003   6.5996351307475174E-003   9.8397622093719678E-003   4.5588348779886283E-003   1.2110569180710070E-002   1.1287584279108080E-002   1.2892463172731718E-002   1.1941746295614565E-002   1.6245776740561716E-002
          20   9.0897984494803013E-004  -1.3978721834321697E-003   1.3815682704995502E-003  -3.1404712284156230E-004  -5.7384301012536132E-003   3.3691305115349045E-004   7.1625297050703272E-004   1.5188675948543688E-003  -2.8958708722281569E-003  -2.4009970855028537E-003  -6.5556530377087888E-004  -5.2975669170690085E-003   3.0442676708244839E-003   1.9232626703475908E-003   2.0132842907939230E-003   8.0633510100158283E-003   6.2894209576323942E-004   9.2606588323041021E-003   8.3841799242587289E-003   2.4195066841268639E-002   1.1069735030209389E-002   1.9677836688137078E-003   3.5776861994452343E-003   2.4656746520950344E-003   5.3198056773004192E-003   3.2362565537754182E-003   4.6905738451880558E-003   3.0344649254239174E-003   3.9057896402254649E-003   5.9718887225189083E-003   5.6823512543273972E-003   5.7754020123528512E-003   1.0210200501034739E-002   6.8415124383972457E-003   7.8092408720454630E-003   7.0328147505690419E-003   5.9042155535828028E-003   8.9630780954999406E-003   1.0532137920048722E-002   1.3984586140622545E-002   8.2904646687767154E-003   1.3945490520036468E-002
          21  -1.5869663044297160E-003   1.9580177100222457E-003   1.7292058609858678E-003  -2.8151061494627517E-004  -1.0285687066351112E-002  -6.3430658543621357E-004   1.9458914335456143E-003  -5.3662675009102379E-003  -1.6730569175217871E-003   8.2932406471869578E-004   1.5498329343554414E-003  -5.3484809647306080E-003  -6.3858315357961390E-003   2.9344562718139158E-003   6.8883366409102729E-003   1.3497137771364905E-002  -3.8914464767421180E-004  -1.5960344066158160E-003   2.0874001601191336E-002   1.8629578739054672E-002  -1.6949054569730315E-003   3.0634819281256643E-003   3.3410450685729867E-003   2.8839610059751102E-003   3.8097681577152981E-003   2.8654143244552749E-003   3.2098469747012508E-003   3.1956028295803810E-003   4.0769407497223183E-003   4.1479214078685806E-003   3.7063956057898861E-003   5.6134405260698864E-003   8.7259337537930054E-003   5.7969792770211793E-003   5.3056771148394218E-003   6.8554650364046968E-003   7.4805491171551089E-003   7.8551048004963514E-003   8.8618438118119956E-003   1.0749406828689386E-002   9.3150028168178904E-003   1.2824003272041334E-002
          22  -3.3986485975956832E-003   1.0325368052342780E-003  -1.7304583397549920E-003  -9.0181704739217023E-004  -5.2968212946370224E-003   5.5755032833526054E-004  -3.4575032833567615E-003   1.1153796415530016E-003  -1.7823875045452357E-003  -6.3324672082300561E-003   1.1571864989353491E-003  -1.2480141473198751E-002  -8.2511312549199654E-003   3.6733137228157535E-003   4.9465145877650761E-003   4.0864081433730954E-004  -3.9036346504502436E-003   6.8829943351691033E-003   3.4259411562707577E-003   7.8426049954817903E-003   7.0300247971268309E-003   3.4409442952338608E-003   1.9662932806926137E-003   1.9384513478354090E-003   3.7846841369767663E-003   3.1368712430252885E-003   3.3948916184754190E-003   5.2569507149273628E-003   3.3574679035579397E-003   6.7377967580318056E-003   3.9785111352782614E-003   5.8753663827688348E-003   7.4718959779202032E-003   5.2129667682180450E-003   6.2028513074279526E-003   4.8479541535014839E-003   9.8434150840454402E-003   7.9756895708975005E-003   6.2719405245026186E-003   1.1779342718388271E-002   8.3435685411637223E-003   1.6030778696006494E-002
          23  -3.4334411003009999E-003  -6.1504704013440434E-004  -3.1660482627096074E-003  -1.1694584934260825E-003  -1.5881992670860566E-003  -2.8637457407820546E-003  -1.6194065733759354E-003   8.1467123365288707E-004  -3.9683700655996463E-004  -4.8192876514773298E-003  -9.0196058357568782E-004  -2.5624205187882347E-003  -3.8158739861892986E-003  -6.4831871332800351E-003   6.5451990719635946E-003   5.8426837863973799E-003   3.2906423670331533E-003   6.9647984377854280E-003   8.0623138407032984E-003   1.5510792926513412E-003   6.8281892869036503E-003   2.3691189704451100E-003   2.9659532271013719E-003   2.7551568770433988E-003   2.4052870519642431E-003   3.2488415417978892E-003   5.9664129331966241E-003   5.1726169974360900E-003   4.2549047800050669E-003   4.6190610265810506E-003   5.3087871503703487E-003   5.0932820077349093E-003   5.4151269435401671E-003   7.9710378416076536E-003   6.5473179405119803E-003   6.9336296591553078E-003   5.9670304173306248E-003   1.2907113845214726E-002   7.6157804926265628E-003   1.2762220093834813E-002   1.1328917517195518E-002   1.6172778864796435E-002
          24   4.1479099421941519E-004   1.7417466052772430E-003  -2.2857145290422951E-003   1.8795202049979314E-003   1.1196360185788687E-003  -3.1239734464290551E-003  -8.7038342461591704E-004  -1.7149057649118657E-003  -5.3757447818340376E-003  -5.2954126712908044E-003  -4.5659108994250547E-003  -6.7495877975206437E-003  -3.4372756213327171E-003  -2.5349045883937926E-003  -5.1401703055001138E-004   4.9797377595632289E-003  -4.9803951698508151E-004   9.6488986310349877E-003  -1.2739637300485339E-003   1.0413385094614701E-003   6.9703237433787020E-003   2.3684035650514772E-003   2.3061906557847078E-003   3.2411149921700408E-003   2.8737258119682441E-003   2.4959544383005706E-003   4.1874800915672932E-003   4.5716171540088665E-003   4.1382266062259592E-003   4.2849739308893214E-003   6.4624655196568147E-003   4.2356523287352130E-003   5.5470492832396402E-003   6.0376554531690338E-003   8.0833835269868166E-003   1.0368511578968629E-002   6.5965183113740394E-003   1.3012423578939208E-002   9.6689454312890999E-003   8.2424365768682950E-003   1.1647797999699002E-002   1.5181597988093404E-002
          25   2.0513186274645790E-004   1.3718749320098622E-004  -8.5609518117493516E-004  -2.5823300014571268E-003  -1.5944708800431312E-003  -1.8737203073233616E-003  -6.9945122354528747E-003  -2.1604063696609864E-003   1.1851044721799774E-003  -2.3800814367128578E-003  -5.9895376268677917E-003  -2.2449180537519749E-003  -7.0569666142470452E-003  -2.9880188914755404E-003  -3.7858063900668387E-003   7.1370859267529552E-003   3.7024825387291699E-004   6.1934487865238129E-003  -1.2909908096448880E-002  -5.0656041199094292E-003   4.0999772586300769E-003   3.2608428401283279E-003   2.5726904797438964E-003   2.7914939546962235E-003   3.1631639296252545E-003   3.0605367275755866E-003   3.0823952187763073E-003   2.4922905249730319E-003   4.5823970924803699E-003   4.2430554878945554E-003   5.0291591922661128E-003   6.1213085171435639E-003   5.5550954406444093E-003   7.4302885576597016E-003   6.7577101012778100E-003   7.9340628873555384E-003   9.0503837949865561E-003   1.0646267240455630E-002   9.4696044804737974E-003   1.0201166805100867E-002   1.4197881420130069E-002   1.1784714282375109E-002
          26  -1.5397944426359107E-003  -1.4334900168091742E-003   8.3877672543433755E-005   3.6152443163323399E-004  -5.6596297359751302E-005   6.0543987893339128E-004  -1.2119167804625157E-003  -1.1965033688931647E-003  -3.9836752924214307E-003  -3.0449913854218246E-003   2.5515192243216051E-003   2.4416098531625493E-003  -1.0796268320009166E-002   1.5279714633351074E-003   8.1013084794879960E-003   1.2149025169980539E-003   2.4720562621638946E-003  -1.1482774009529685E-002  -1.8371972367657821E-002  -1.2861395837291463E-002   6.6632061800276721E-003   2.8555173786469303E-003   2.1775664936342144E-003   3.2303540844005772E-003   2.1384980417085524E-003   4.4830047812197587E-003   2.6049569084023931E-003   4.5088971483616307E-003   3.9307232464929837E-003   5.5966450315965916E-003   5.0711962174015239E-003   7.3063394975230308E-003   5.2853461578047448E-003   4.7549533899040224E-003   1.0866319832925665E-002   6.8031224470573278E-003   9.0261434281545087E-003   1.0872461359360153E-002   9.3821020965475198E-003   9.1023023792043099E-003   1.8234080970986093E-002   1.4556178127861192E-002
          27  -3.1841498197086323E-004  -3.3263553205096674E-003   5.0714400587427979E-003  -7.6318470430613856E-004  -2.0534912207717899E-003  -1.5044771503695657E-003  -4.1828748718210585E-003   4.6557286048073297E-003   2.3409731632887507E-004   4.2905661824761454E-004  -4.8439259835407625E-003   6.7029687942648066E-004   2.4009100268959009E-003   3.5983786486477420E-003   6.3097018856622372E-003   9.1358994030520720E-003   3.3886902783345644E-003  -1.6234314524753515E-002  -1.1071057234872429E-002  -1.0289622431134694E-002   8.6148783657306206E-003   1.8864763199632738E-003   2.3183463850523799E-003   2.2114831703922968E-003   2.6340581226058056E-003   3.0650351325469281E-003   2.9909619279967778E-003   5.5557751022599433E-003   4.1111860515627152E-003   4.1468372102014687E-003   4.6672018382483268E-003   5.2157234213045592E-003   6.8400938404091765E-003   5.2732242770873270E-003   6.5779281814171186E-003   5.0954536237413249E-003   5.4257751848058025E-003   7.1836173850343176E-003   1.0711440563328728E-002   8.4962354553620549E-003   1.6358026126318290E-002   1.4767197546482499E-002
          28   1.4314766667585710E-003   1.8368557696227311E-003  -4.7917446726284535E-004  -3.0053875079414064E-003   9.1075666506192641E-004   2.8524433137091260E-003  -4.4807673082733280E-003   5.0820076334890940E-003   3.9091103054891568E-005  -3.1617479928429159E-003  -2.7850172725769899E-003   1.5300514866418988E-003   5.4035155821891305E-003  -4.2502585264729640E-004   1.0080137512894587E-002  -9.7719667455512991E-004  -1.2757199388658687E-002  -9.9993961670156450E-003  -2.2635969438247423E-002   4.8289608852270676E-004   4.3179109109701902E-003   1.6781596953273825E-003   1.9743052379039101E-003   2.8890732857008022E-003   3.2627720406675663E-003   3.9951835270500080E-003   2.7769500626196493E-003   4.1957580367025064E-003   2.2188368354335553E-003   5.9052457535383098E-003   5.3420939666936227E-003   5.3034197339509965E-003   8.0575158684575224E-003   5.1837236743855816E-003   8.5099098849048087E-003   5.4515299466000536E-003   7.1209915387008341E-003   7.4450362117817149E-003   1.1367797431560644E-002   7.3472315557833161E-003   1.4578229648925059E-002   1.2762201906227830E-002
          29   3.4258263071898711E-003  -1.4492924922624513E-003  -1.8784066286156738E-003  -5.8631405777868515E-004  -1.9192220355749036E-003   2.1050937495032031E-003  -1.4123408903378256E-003  -1.8064525181369941E-003  -7.5038252285980307E-003  -6.0164848813188945E-003  -4.6252119597610941E-003  -2.3753326160079169E-003   8.7423912072903686E-004  -4.3898837961858245E-003   9.1957890499682593E-005   5.7494506788855742E-003  -8.9153840101744691E-003  -7.8951710593673924E-003  -2.5882860676761345E-002   2.2565067006673190E-003   3.7097723933884868E-003   1.6864612103343367E-003   4.3361464897180187E-003   3.9118884154406494E-003   4.2428088199122690E-003   2.6716006486768476E-003   5.2575249689455344E-003   7.5478518026892115E-003   4.0378269012643145E-003   4.6086302426852042E-003   5.6316520555295159E-003   4.3446987451565512E-003   5.5977323292706179E-003   5.9669099363580200E-003   1.3534065977363232E-002   1.3193620596578423E-002   1.0659164497104077E-002   8.2750070619178693E-003   1.6107772337016921E-002   9.9880629009565670E-003   1.3507287333849318E-002   1.3031675833281848E-002
          30  -4.7163311448487438E-004  -1.0893024192348960E-004   2.3774044567037011E-004  -1.3074545952213819E-003  -1.5226917225810873E-003   1.2656452451602937E-003   2.9964143979512595E-004   8.2103636687424120E-004   6.7426007550846297E-004  -6.3185046039916778E-003  -2.1022194547859188E-003  -1.5564655186028919E-003  -1.6995058568196760E-003  -4.9483714909759917E-003  -6.3568057254640578E-003   6.7823358624577229E-003  -8.2953708145913178E-003  -1.1109751228032825E-002  -2.7340774011358291E-002   5.9797507468206442E-003  -1.1292888604118550E-002   2.6955796742057568E-003   1.9377360527074684E-003   2.4539030585121655E-003   4.2792240919382104E-003   4.6938690996256131E-003   2.9422089441638608E-003   5.0908244157434482E-003   5.6983647320768905E-003   4.9399878861179801E-003   5.6716691713439779E-003   4.2116430332758224E-003   6.0311973556773438E-003   5.2166392981364534E-003   9.9201869493469146E-003   8.4806101713719856E-003   8.9429136780547151E-003   9.7186244214485414E-003   1.3134160899199745E-002   1.2355873460865287E-002   1.7254110247045928E-002   1.0192570464894411E-002
          31  -1.5560458731260322E-003   2.9256519716050564E-003  -3.6658266742363587E-003  -2.5041758033548826E-003   1.4423157516240542E-003   2.1204515603639100E-003  -3.8605054228764654E-003  -1.2135944219792620E-003   1.6257244598406305E-003   2.5517713137222222E-003   5.9902233520233630E-003  -4.5179258837172633E-003  -3.4385044404835834E-003  -5.7430836375253281E-003  -1.4608592905393828E-003  -2.3786525629729389E-003  -9.3431524863469614E-003  -8.8902376098335938E-003  -2.3356902054535869E-003  -4.2630244503531148E-003   1.0204504380983827E-003   2.6699958905688471E-003   2.3447126653541642E-003   2.4281000783332360E-003   3.4479379051673806E-003   3.7584511128751709E-003   3.7943884914575219E-003   6.2312308646688555E-003   6.1566090552271982E-003   5.1934492299723876E-003   6.4445847461329763E-003   4.8871966784073961E-003   6.3548364867890249E-003   5.8231014346065571E-003   7.0345021125583383E-003   1.0196258874049763E-002   6.4960638471552876E-003   6.5654419844558085E-003   1.7249145196255998E-002   7.8228159334747579E-003   1.0902826552171400E-002   9.7057380581587142E-003
          32  -2.9725271802776240E-003  -3.2541854743365533E-003   2.3412598883503400E-003  -1.8174437415314662E-003   4.8670239458158846E-003  -1.3819852703351474E-003  -5.1928003328830770E-003   2.2690387064829773E-003  -1.8118985156192751E-003   3.6596245219595340E-003  -2.1933034534383235E-003  -1.5376088218474287E-002  -2.4234395153477032E-003   4.7703879577058403E-004  -6.4162321075639742E-003   2.5974114818352167E-003  -4.7784820128521505E-003  -1.0304717151091625E-002  -2.2581958645882970E-003   1.0966613947208985E-002  -7.9066664345584028E-003   3.7955566210833330E-003   3.3443289043706063E-003   4.9418436676023228E-003   1.6257774918527633E-003   2.9664821285283441E-003   4.0656150069204840E-003   4.3929681384527646E-003   5.1037905045328152E-003   5.3155624489451062E-003   6.4241864059934603E-003   6.7925491427929001E-003   4.7911737590496531E-003   6.2733131771027613E-003   5.0384014760279970E-003   4.3184921632916668E-003   7.3788452053545808E-003   7.3692682126803221E-003   1.7371224138344604E-002   1.2059932015094040E-002   1.3161206050562594E-002   1.0948657849384508E-002
          33   1.5562019368008529E-003  -2.6421910694155708E-003   3.8321893907135164E-003   3.6592457233884739E-003  -6.6058962304097466E-004   3.2887919330996554E-003  -2.4142165423364234E-003   1.8686959553867654E-003  -3.0230487961375129E-004  -2.7254974562724156E-003   4.1090279717403179E-003  -1.6684060258432560E-003   1.5786006198028303E-003   5.5312643273602879E-004  -4.3347700982552086E-003   6.9110273750728167E-003  -7.0343289509323488E-003  -1.2680405514943512E-002  -1.8437721256679730E-002   1.7590348048801465E-002  -6.7676064669629039E-003   3.0670855713213914E-003   3.3950752541117017E-003   1.8111110725520698E-003   2.4685634177829389E-003   3.8225731762912781E-003   3.5266963214879454E-003   4.1006797809086887E-003   4.1734012721262584E-003   5.8453438049217397E-003   4.2853484604440046E-003   5.1951090493578380E-003   6.0835376999427114E-003   6.6390655777091882E-003   5.7827404350367642E-003   8.6830797731028645E-003   6.0892668776903695E-003   7.3383248251293097E-003   1.0178773619912589E-002   1.0308299088077661E-002   1.6819299647295602E-002   1.1833964828559454E-002
          34   2.1908979990034635E-003   2.0268283971429939E-003  -3.1013348973832591E-003   2.7797446741688486E-003  -2.5356158860103287E-003   1.4958416977260067E-003  -9.2632515270057471E-004   7.5840662535523948E-004   1.3837966362661202E-003  -4.6744585344722636E-003   9.3326446280474658E-003   4.6454113222932081E-003   3.9623147590208234E-003   8.1080096586191551E-003   5.8913667277963341E-004   1.0513687822818687E-002   4.2556939348372376E-003  -1.1248114457822221E-002  -5.9143436108732138E-003   9.2132004924634359E-003  -2.9929635194986355E-003   3.4937928607420145E-003   2.8587248902474053E-003   3.8456300690539271E-003   3.5848990754140993E-003   2.6549332224738353E-003   3.9136471802662812E-003   4.1295254229408032E-003   4.6451695198876340E-003   6.8448255969984790E-003   4.1639455430329706E-003   6.7937845727359227E-003   5.6070063112380157E-003   7.2764225234580029E-003   4.9984968624423656E-003   8.0220449839837355E-003   8.3539833131971164E-003   8.2450556781169890E-003   1.0263008075198804E-002   1.3464958718708288E-002   1.7239597617102337E-002   1.4312659812044099E-002
          35   7.6618931185641018E-004   6.1817914700724758E-004  -2.1076822936011521E-003   6.1626258020943477E-004  -2.9445424856022138E-004  -4.9152798670469896E-003  -4.7562153117936402E-004   2.1355600698679390E-003  -3.5823975972299796E-003   8.3373633558291602E-004   2.3976701123648212E-003  -1.7579622673920155E-003  -8.8675317694053525E-004   6.8049330420926896E-003  -6.5582882518386235E-003   9.5132187313101343E-003  -5.2047456048444542E-003  -1.2564836804045392E-002  -2.9214556507096341E-003  -4.8148421891026352E-003  -8.6448690581022777E-003   2.9100868479125879E-003   3.1050434419456693E-003   3.1083110284346660E-003   2.7231966780299709E-003   3.1476417626139191E-003   2.9556464276511685E-003   4.4882275186974990E-003   4.3381789717917094E-003   5.2837151849261200E-003   3.9983677853713071E-003   3.6238275810858492E-003   7.3374484110304561E-003   5.1096834047056269E-003   5.5159342811320015E-003   6.0000045586393836E-003   8.2378743254842464E-003   7.4496622840560479E-003   7.8939191763282100E-003   9.6792504894045901E-003   9.9824189372566194E-003   1.2954279263762296E-002
          36  -1.5949189069549335E-004  -1.6334188284433198E-003  -1.7528016210715237E-004   2.1083022090398034E-004   2.0734856390783171E-003   1.7063485065876795E-004  -2.4234344955655755E-003  -1.6075786057457263E-003   4.5211786086691392E-003   4.9750192365188217E-003   3.4276966070835714E-003  -2.4315760096791702E-003   3.4291075000544677E-003   1.3118429285278335E-002  -5.1614051237922577E-003  -1.0760542023623510E-003  -1.4534005890765587E-002  -1.0034745236238509E-002  -1.1226165666432284E-002  -2.2183762582786429E-002  -5.4722698702040816E-004   2.7418146433243343E-003   3.7761117623473250E-003   3.1423997015484909E-003   3.8427853726793627E-003   4.6266907082298881E-003   3.0013335193718681E-003   5.1116929205212314E-003   3.9534406826597906E-003   4.9774959195755591E-003   3.3739689794773683E-003   8.7787028519406042E-003   8.8792036385298423E-003   4.6602314508246926E-003   5.7526080663004358E-003   6.3325552593452121E-003   8.6286269989683233E-003   9.6333306443719645E-003   9.0749969711927114E-003   9.3860908183964319E-003   1.2519400493719609E-002   1.5502035001342741E-002
          37   1.9412121813140002E-003  -3.3862265545569893E-003   3.8770333355928668E-004   5.9656942482370088E-004  -1.2601210273785082E-003  -2.8304355182263837E-003  -1.7677736734622489E-003   1.3922799401357765E-003   2.3523021358369716E-003   2.6006943823740987E-003  -6.4880980406290629E-003   6.0172681211358098E-003   7.7995354589428210E-003   7.2132180370028916E-003  -7.7871784102461156E-004   4.1227525689201860E-004  -1.0419141008788459E-002  -1.0952076999882134E-002  -9.9654572163372299E-003  -1.9856981835324427E-002   9.6706525435104034E-003   3.2882943043242873E-003   3.7292022561631584E-003   3.4393482323536221E-003   4.1049676133300180E-003   3.4217048719561616E-003   3.2100758791939240E-003   3.2750942466483217E-003   3.8186133128743165E-003   3.9934216262767358E-003   3.3847173621130446E-003   5.6932676853033290E-003   3.9089197126967110E-003   7.9856860595839772E-003   8.9070917626245007E-003   6.9451978774976971E-003   7.0388804961341077E-003   7.4945579333330044E-003   6.8579667340486344E-003   1.1091951741958430E-002   7.6836939568693322E-003   1.6665566461444240E-002
          38   3.9801488235608872E-004   5.7329089469333370E-004   6.5190121168147534E-003  -2.7416049661775515E-003  -3.8548622269463074E-003   2.0125842461337765E-003  -5.7689661112108525E-003   1.5943051695002527E-003   1.2938561836320561E-003  -4.6312942487398458E-003  -4.0305864166308462E-003  -6.4661351283359231E-004   4.6710356652427381E-003   9.7763314973539506E-003  -1.5898703877818318E-003   8.8138215530990157E-003  -2.8444389775038382E-003  -3.2732554684064990E-003   5.9867851610280595E-003  -9.6524090822625551E-003  -5.8665950546440710E-003   2.4645392690991253E-003   3.0914199594567573E-003   3.0102709182533204E-003   2.5222921454433897E-003   3.2861882535650125E-003   3.6871349314027894E-003   4.0972122480067248E-003   3.2180532706572590E-003   6.0277124507134901E-003   4.9643729701728838E-003   4.4073475139521775E-003   4.6523672420803455E-003   8.1589162399653484E-003   5.6939961714512627E-003   8.3327363674775782E-003   7.2493019276214515E-003   1.0178057908563302E-002   6.9546430188072170E-003   1.5430894565086182E-002   8.4295760661319760E-003   1.6205159894806934E-002
          39   1.4962525930197785E-003  -6.8246026560391557E-004   1.4560075730785441E-003  -3.5452634514596313E-003  -6.1589731261830092E-003   9.6899154880647088E-003  -2.3549231854100203E-003   2.7856660007037582E-003   3.2919985879820385E-003  -3.0805286981662582E-003  -3.4677584276223629E-003  -8.2111098796330091E-004   5.1824503742857369E-003   3.6712846990602306E-003  -2.6564008769747595E-004   7.3187427230990412E-003  -3.4270070756392068E-003  -1.1454810772628806E-002  -4.1877877774339350E-003   2.8305512393734197E-003  -5.9460611664852022E-003   2.6069090476842135E-003   3.9788680528920848E-003   2.7315098046711158E-003   2.6402971044018841E-003   5.3810071682860823E-003   3.1781421621717484E-003   3.1360989531826139E-003   5.3358877402124218E-003   5.1147825491349892E-003   6.0163399052078599E-003   4.4535599707902288E-003   4.4270183528355598E-003   5.1284822794519123E-003   6.6796243476190866E-003   8.9512372334204175E-003   8.8767465702510664E-003   5.0114360555108496E-003   1.0761851699699680E-002   1.0639799826300979E-002   9.0405206305982453E-003   1.7204507551370575E-002
          40  -9.5523461524182245E-004   2.5960782226526324E-003   2.7319252730163457E-003   1.0418034801534224E-003  -1.6964107446883691E-003   1.0473657870162421E-003  -4.8702549984852321E-003   1.9785803824229039E-003  -5.4258998860713921E-003   3.4209844426282237E-003   3.0973992191258193E-003   3.8636550780084748E-003  -6.2161077037109437E-004   6.5307438128570650E-003   4.2495934114751997E-003   5.6202519403520208E-003  -4.4977235087162839E-003  -4.8404826195102149E-003  -8.3168195610222786E-003  -7.6618168348491561E-003  -1.1169636262553732E-002   2.1187385277724419E-003   3.3341418719028868E-003   3.3288009103016603E-003   6.1373008640773765E-003   3.9102240556234619E-003   2.7688790359693691E-003   4.3478709697365647E-003   4.3740015006372805E-003   5.5228900296934507E-003   3.5306755102615436E-003   4.4035307598249470E-003   6.0886693044061736E-003   3.4021897610472984E-003   4.1684872671128173E-003   6.6643668815586990E-003   1.0565461749926092E-002   5.7688779454388049E-003   1.0222028525201121E-002   1.3245306377983490E-002   1.1857331511696548E-002   2.2655874376168433E-002
          41   4.1717261495483639E-003  -3.4459944336297610E-003   2.3841274516191789E-003  -6.5293694995065417E-004   2.6303922288966070E-003  -4.1745439025705746E-004   1.3663307032341998E-003   4.7736222293925067E-003  -1.0945076761598815E-003  -4.7431287649647399E-004  -3.8264893971665451E-003  -1.9459235793620040E-004   8.2731704679976648E-004   2.9025374497577000E-003  -7.1319526473303000E-004  -3.4021994172249224E-003   2.8882658234108322E-003  -7.0335858289481831E-004  -1.4162878802246955E-002  -9.6191984113346198E-003  -3.4244340342197256E-003   2.0380709385054677E-003   1.8988222546881945E-003   3.5624716128727961E-003   3.7307691823166098E-003   4.7429596326227404E-003   3.6391988594979170E-003   3.7525666874238441E-003   7.1045249650979973E-003   4.4644204190412750E-003   3.3938288240732031E-003   3.4238143980384328E-003   1.1787037001127069E-002   5.1807802259529866E-003   5.6833591129871177E-003   7.1675490945973018E-003   1.0763744612689176E-002   8.2823846609613345E-003   9.9657527089781449E-003   1.3506772715781009E-002   1.2277614739270918E-002   2.3040390435319549E-002
          42  -9.8489122095500397E-004  -1.3219304264245216E-003  -5.7667926220451296E-004  -1.6425074153573573E-003   4.7807080094788732E-003  -1.8514109409565411E-003  -3.6492585262320612E-003  -5.3064842608601813E-004   9.4614630969473389E-003  -2.7661260567454727E-003   6.6773032914463511E-004   3.3840230689041810E-004  -4.6772707482381414E-003   7.1373788349499648E-003   1.2469593654477853E-003  -8.3984371031298084E-003  -1.8957655447561301E-002  -2.2504871532086595E-003  -7.2652806247290192E-003   1.3969796843370057E-004   2.4731742618629001E-003   3.2080984070346299E-003   2.2761350366600243E-003   2.8606605875583020E-003   4.5282653165871203E-003   4.9903965186343813E-003   2.5866624910950565E-003   4.4063024983766992E-003   3.6278955557490261E-003   3.7576931958640289E-003   5.0356040501905739E-003   5.3901594959204083E-003   9.3796576411622340E-003   7.0710125987070689E-003   7.2666641887954766E-003   8.6019140513537793E-003   1.1462848698446854E-002   9.7289536392861017E-003   1.3357101019358207E-002   1.3710282281639549E-002   1.0994557501969598E-002   2.2462079562304671E-002
          43  -1.8592665809901601E-003  -1.4607694326416220E-003  -2.4180257498328263E-003  -1.2062485507632669E-003   5.8509756984196758E-003   1.9131771669646995E-003  -4.8176506777496009E-003  -4.8095421788066205E-003   3.9603041699374560E-003   3.4142936419544567E-003   4.1844494992729847E-003  -6.7676657833598700E-003  -5.0324319552419558E-004   8.2961402623008447E-003   1.5147738800602301E-003   2.5230039894626145E-003  -7.5634994694926414E-003  -1.0390629646536798E-002  -8.0507720671988484E-003  -1.5968247392062036E-003  -1.4390386461496905E-004   4.1764423297479831E-003   3.8555792314690722E-003   2.4799246526369563E-003   3.1403796048129697E-003   4.3473576453873786E-003   3.2383054057700516E-003   3.4310017297318582E-003   4.2089641962931145E-003   4.8402809717557416E-003   4.9320279971492428E-003   5.2149025588958259E-003   5.4345854534466808E-003   1.1707566369615492E-002   6.3217287483027483E-003   7.5188968493360387E-003   1.1025503619415100E-002   7.4697102698873946E-003   9.4808660274798458E-003   1.5882222451247957E-002   1.3184012870807440E-002   2.1153154059978301E-002
          44   1.2680487610594734E-003  -2.7883534468365308E-003  -2.7766647430250910E-003  -6.4970229750341496E-003  -4.6730450172796423E-004  -1.1738626684478488E-003   1.6508905591590872E-004  -7.3216489040263373E-003  -5.2483507841162994E-003   2.7142171607895237E-003   2.1626699239879268E-003  -3.6720732917106410E-003   4.9803783466515492E-004  -8.8703665217217467E-003   6.5982151364566014E-003   1.2998299487256562E-003  -5.5624759165576994E-003  -1.9405970595911131E-002  -5.3731212206982687E-004  -5.6336001872472484E-004   1.4108401658944631E-002   3.0783679942694478E-003   2.2300808509908877E-003   3.0561021247602987E-003   2.9780940888177051E-003   3.9759427531654489E-003   3.2377141253880364E-003   4.5056780181991522E-003   2.8728911314494839E-003   4.9625978074912570E-003   3.8183649956071175E-003   4.4506202995455765E-003   3.2125226268836763E-003   7.8766529566556814E-003   5.8183840979468930E-003   7.1709720670242406E-003   7.1380465973089049E-003   8.8755576920663357E-003   1.0200687090718766E-002   1.0907118054520047E-002   1.4492626783865488E-002   1.5507656341617205E-002
          45  -1.4366140856748478E-003   3.4312815357968739E-003   3.3789591986482931E-003  -1.7426845654222305E-003   5.5271451134396255E-004  -7.6853329935103675E-004  -2.1592121544144999E-004  -2.7087901172284253E-003  -7.8130824285634699E-004  -4.6826635462219922E-003  -3.8407269472137294E-003  -1.7102477043749415E-002  -1.9235866413819475E-003  -2.0548609030565778E-003  -1.5542493508064012E-004   1.2722713039998373E-002   5.6164219262410759E-003  -2.9073887740851414E-003   4.2682443079822855E-003   4.8603714483793133E-003   2.6380582011146628E-002   1.5088514468293431E-003   2.2570343099008062E-003   2.1909951943209658E-003   2.9607678365363129E-003   4.1865178367507874E-003   3.6702210282632979E-003   5.7170619096585653E-003   4.3500458713718214E-003   3.7823677724828151E-003   5.6258555521151105E-003   6.0702340290478612E-003   4.7121843534448371E-003   6.6170698420259435E-003   7.8055639804233507E-003   7.7961994170291510E-003   9.4323597537668297E-003   8.8762680852452116E-003   1.0582377795211767E-002   1.0795771078957392E-002   1.2274404576186166E-002   1.2662683700086622E-002
          46  -7.7670279035457963E-004   4.6148364373649799E-003   3.0640920112026504E-003  -2.3928076481313097E-003  -1.7157572154320269E-005  -9.2419817416203429E-004  -1.0909292548661534E-003   3.4579960824414127E-003  -3.9789728474083933E-003  -7.7713639851468284E-004  -3.8114190240115059E-004  -6.3903837963565904E-003  -3.8600473214213155E-003  -4.6325180686560127E-003  -2.7676929223054187E-003   4.9318540362868627E-003  -1.5215879672587332E-003  -6.9535853271938683E-003   6.3251085218486896E-003   2.0039704424495951E-003   1.7577175785217048E-002   2.5670597864996011E-003   2.8690664742528206E-003   3.4719921919362526E-003   2.6768004283733680E-003   2.3282126899692103E-003   3.2122166487509869E-003   5.2099682595407766E-003   3.7787891525682994E-003   3.6478083537867432E-003   3.5115540670524062E-003   4.3401990310592675E-003   6.5974990634112343E-003   1.1548639454917114E-002   7.9397015961456801E-003   8.2879702156051175E-003   1.1892414206211576E-002   8.6569991909485298E-003   8.1600680363095243E-003   9.8775781749715508E-003   1.8136809454947368E-002   1.2282541483470430E-002
          47  -4.3112164308157960E-004   1.1795743636339488E-003   1.7700719422117605E-003  -2.7542956278187622E-003   2.0732741647430798E-003  -1.8245035823594667E-003  -8.9460405595109002E-004   8.0237386278584882E-003   4.9510738526738840E-003   1.0917180950379189E-003  -3.6159241119200517E-003  -7.7282997845994385E-003  -3.9598315097118131E-003  -1.3218534847647650E-003   6.7298395023196698E-003   1.6556302901987905E-003  -5.8470349798502375E-003  -9.6175178641241706E-003  -2.4845743361040116E-003   1.6521472185221524E-002   2.3361701768164492E-002   2.4856109704740332E-003   2.7988013133456277E-003   3.4044028119981332E-003   2.4904458505409328E-003   3.1827480532397516E-003   2.3895051653393946E-003   3.4584345295744835E-003   5.1297602803996095E-003   4.0640546175690828E-003   3.5926299657549378E-003   2.8272219845336399E-003   7.1556250026089448E-003   6.6242611515602238E-003   5.6531758295919150E-003   7.6494207932153715E-003   1.0651756508124119E-002   9.1284690006952530E-003   7.7238805868253217E-003   1.0928697775525163E-002   1.5789855032520724E-002   1.0797538551676198E-002
          48  -1.6002039211838173E-003   2.8620671339440918E-003  -3.9242338561707914E-003  -2.7883631426051450E-003   8.6989106657617765E-004  -3.9095615898631347E-003  -3.5058602242154634E-003  -2.6294164888362851E-003   2.7804105047522865E-003   2.4579962270721654E-003  -4.9857605315560306E-003   3.5227940022621205E-005   5.6101647965205274E-003   1.1844918541038314E-002   4.8919798363877571E-003  -3.0909782255257286E-003  -2.6291139070660700E-003   2.6463270970879800E-003   1.6515952350329103E-002   2.3000741307722568E-002   3.6172596089224338E-002   2.3169959906303669E-003   2.5105904252095026E-003   3.9658903570908947E-003   4.1862862678151615E-003   2.2239350976985942E-003   4.2164401446030978E-003   5.1623055447257817E-003   3.6340928979217229E-003   4.3520272733965863E-003   5.2299660563325081E-003   4.5204700459684829E-003   4.8580835132433281E-003   8.9625293954888573E-003   6.5671203271886417E-003   7.0822146387425405E-003   7.2677497883761452E-003   1.3162663390565462E-002   1.4059444108719678E-002   1.0761672366855128E-002   1.2758902751024249E-002   1.1759285069528308E-002
          49  -7.8242031531658234E-004   4.6029085823025815E-004  -3.3231172990453744E-003   7.9122556700188913E-004   2.9237580836791567E-003  -2.1474247282175273E-003   2.3460965922565994E-003  -1.3656722373454791E-003   2.5087229131547113E-003   1.5304728784360426E-003  -3.4050112271731886E-003  -4.6376983414245770E-003   8.1603840504401014E-003   9.5306128949650699E-003   1.0346943185086386E-002  -6.3406319740716413E-003   4.5611040441259102E-003   7.4963061638717125E-003   3.5654887247882671E-003   1.5958661492836385E-002   3.3353984551205182E-002   2.3492739585822516E-003   2.5760936349763027E-003   2.9060548571564846E-003   2.4019871359798957E-003   3.4857740388881068E-003   3.4777968457701050E-003   4.5189741203180093E-003   4.9613508075088972E-003   7.8484433717607993E-003   5.5223610379888620E-003   7.3898693160705286E-003   5.5663625480155228E-003   7.4894551695884092E-003   7.3281405470847017E-003   6.7892882894003493E-003   7.4840621550620948E-003   1.0209462647745486E-002   9.6672421784752098E-003   1.5716112469208347E-002   9.7390566745116855E-003   1.5094474750475899E-002
          50  -9.8522165941937749E-004   1.4155552399621558E-003  -4.0745208516892100E-004  -4.8864644653333952E-003   2.9846527332797147E-003  -1.0563745456697638E-003  -1.4559441779846123E-003   3.5445985333172826E-003  -2.3239949756992629E-003   2.4511120603789038E-003  -5.4356262026702537E-003   1.9426133832992180E-003   8.0058436611263502E-003  -1.6889521281437290E-003   9.8322217009557556E-003  -5.8524174973234510E-003  -1.3053214095502975E-003   5.2906359670051679E-003   8.8054811383007810E-003   2.2599865074886434E-002   4.0698338571141933E-002   1.9538816743483491E-003   2.0067696358445500E-003   3.4119932874586284E-003   2.5309706537151493E-003   3.2800295466118585E-003   4.3289388200279675E-003   4.6433514133218876E-003   3.2908175815584860E-003   4.9906311046712679E-003   7.3132280674454882E-003   4.2169061629256576E-003   4.7988496045920804E-003   6.0079802249722678E-003   6.2202645759824090E-003   6.3807508098036149E-003   6.8207579517067986E-003   9.6587257219739962E-003   8.9225988257957602E-003   1.2030631193558886E-002   1.0834505144846922E-002   1.4368341573324356E-002
          51   1.1944185464800700E-003   2.4367571926900739E-003  -1.5429264176068168E-003  -2.6809955521171725E-003   2.7132496387875229E-003  -2.9202855549557540E-003  -5.0507521766824798E-003   5.6421422645586312E-003   4.7020412930631637E-003  -1.3078120007573913E-003  -1.1487476307558350E-003   7.4539894891042955E-003   1.3463199784076878E-002  -3.7434953969500643E-003   3.2106776439227501E-003  -5.8259340699368650E-003   5.1961013370829005E-003   5.7085988084278599E-003   1.2500358549087506E-002   1.7736674718436842E-002   4.8825476836916286E-002   2.4736185594466838E-003   2.1324938307722770E-003   2.3035321222643007E-003   2.7640274799342803E-003   2.5597356871288768E-003   3.1231851029707063E-003   3.3528730921193691E-003   4.7359888080321169E-003   4.1201617866890921E-003   3.4389599119951787E-003   4.9969898311093023E-003   5.6762958527409703E-003   8.0432601534931036E-003   7.6844195191184943E-003   9.5768828757885945E-003   7.6671300149503685E-003   8.4135029317953542E-003   9.4289775290899748E-003   1.0365418836267534E-002   9.6779315868286888E-003   1.2790765377930908E-002
          52   6.0824324516395832E-004   3.2825109038587103E-003   6.1242340941498668E-003   8.5313493480637474E-004   3.1382355634888902E-004  -5.3557007391429722E-003   4.2946277808440445E-004   6.2671457150819667E-003  -7.4122940897336526E-003   2.0073103475059810E-003   2.8802459506986383E-003   9.5474098776579292E-004   3.1461864554756303E-003   3.8213566163820120E-003   1.7596938616133537E-003  -1.0033831790578809E-004  -2.0718395689316044E-004   1.3131576608259379E-003   2.0597439091050274E-002   2.2770647781636972E-002   5.2540479263655307E-002   2.5512197305536041E-003   2.0956716275783776E-003   2.7853404718996364E-003   3.0894753170028714E-003   2.4927485355622546E-003   2.7582739202953277E-003   4.2122342919025096E-003   4.2402256718783397E-003   5.4530818203757901E-003   4.4029590351808588E-003   5.8626878587051288E-003   8.5782038123359047E-003   5.0121269726722930E-003   1.3057638310380764E-002   6.6955851378974534E-003   5.1946248093511505E-003   1.2500103183842958E-002   1.0067222388243190E-002   1.1241021524845326E-002   7.3876860400314548E-003   1.2243421916160522E-002
          53  -2.8875481999403535E-003   4.2698376378340029E-003  -3.0194267660778309E-003  -1.3507123634680018E-003   4.2446814762579768E-003  -3.6503698617634339E-004   6.4858532282474808E-004   5.3817885914854684E-003   2.2687758727165217E-003   5.7998023312960684E-003   3.0916984633911609E-003  -1.0952044701972781E-002   5.8488624609136525E-003   4.6021102164547417E-003  -1.0548859752535673E-003   4.5475052492768026E-003   1.7580939460378905E-003   3.6217947602166958E-003   1.9293214293634082E-002   3.1188865769010199E-002   6.7889917611702516E-002   1.8344994604232974E-003   2.8749313384626020E-003   2.8670620574549215E-003   2.9909872022020299E-003   3.7306915559429952E-003   2.8328509831069847E-003   4.4212225913472861E-003   3.0689014489377700E-003   5.6592719151692230E-003   4.3557155380247068E-003   5.3172938886455771E-003   6.4167883307894710E-003   8.5674410316786773E-003   5.0059533873251663E-003   6.3893047583297290E-003   7.3501489570386349E-003   1.0623867064204914E-002   1.0169674342905072E-002   1.1217059321337786E-002   8.8433557031358714E-003   1.1696328307353001E-002
          54  -4.0317230910693978E-003   1.8836446632677052E-003   1.6654714513034697E-004  -8.5746646902817988E-004  -3.9386775686063141E-004   5.4950504631606789E-004   1.5406612097811536E-003  -3.1908279960299215E-004  -3.9984209974931869E-003   8.3281704708874156E-004   4.6887382578013658E-003  -1.1357099128905962E-003  -6.6509352779278606E-003  -2.9546462527838906E-003   1.1283928337561897E-002   2.2070589343140814E-003   1.4128243578088400E-002   1.3042741501093958E-002   3.6858653462807624E-002   3.2410828641986841E-002   7.6631821961966523E-002   2.7154241216829152E-003   2.8801522371092237E-003   3.8368982694558032E-003   2.3835140215634066E-003   3.1971376252680210E-003   4.1492046141871760E-003   3.7698356800417872E-003   4.7490762280943963E-003   4.7214745987513018E-003   3.9941016240180567E-003   5.3995884228470060E-003   6.7577057746775523E-003   9.1217721799170814E-003   5.7684167244205740E-003   7.9051954531243994E-003   7.9403373356293390E-003   1.2826184667290717E-002   1.0805264983041787E-002   9.0480348554382167E-003   1.2836830425290822E-002   1.4638042861481225E-002
          55  -2.2449068417865533E-003   1.8619876885206374E-004  -2.9383484877224548E-003   1.3219545312546279E-003  -2.6479854235740741E-003   1.4331806826640770E-003  -1.9475715474604287E-003   1.9450799398087954E-003   4.6696220890937315E-003  -1.7213763233812449E-003   7.3663560522771575E-003  -7.8622484353989344E-003   2.7851363854209353E-004  -1.0765828923317048E-002   1.4449503968218444E-003   5.7706782461366488E-003   9.4773712527370779E-003   1.8703388418723762E-002   4.5214613100820408E-002   5.0338773458128219E-002   9.7036448950670581E-002   2.7334311823191955E-003   2.6641508400052968E-003   2.8304722835875711E-003   3.2283817722219841E-003   3.2570294684548667E-003   2.6337732948058319E-003   3.4813691591847515E-003   3.3369047179232615E-003   4.0285643480079672E-003   4.7403064741014149E-003   6.9805793121979209E-003   4.6641427101152804E-003   7.6481606430833307E-003   6.0629754585939805E-003   7.5799139179189064E-003   1.0875139265798155E-002   1.1475400314876882E-002   8.7516629565144357E-003   1.1656872565891940E-002   6.9253652276279679E-003   1.3906851766459706E-002
          56   6.6530110500947375E-004  -6.1256712216898983E-004  -1.9357293051325234E-003   4.0960642116328735E-003   5.8961132490124146E-003  -1.4475937157647394E-003  -2.4544351960889233E-003  -2.0147459786702465E-003  -1.1638448798862104E-003  -8.3154780820930289E-005   6.5804830050111692E-003  -1.2058338981029309E-003  -3.4496440542894024E-003  -9.6499429306009762E-004   3.2199659923150483E-003   1.0594880198643653E-003   1.4607950807596101E-002   3.6636300020861635E-002   5.0909798132085550E-002   7.5908910348519293E-002  0.12303496246968493        2.5039245802388880E-003   2.3472437358769732E-003   4.0763060716366003E-003   2.3954876623874964E-003   3.7691655122061591E-003   2.8978986319756579E-003   2.8847252356433094E-003   3.8696522399901032E-003   4.6433350854312031E-003   5.7582907260490248E-003   4.5760045322969243E-003   6.4973560854538707E-003   9.0362800068952091E-003   6.5629838518729824E-003   9.9050795567918841E-003   9.3624641153202629E-003   9.3718305225081802E-003   9.0211877439301969E-003   1.0745555974480080E-002   8.0625185014105930E-003   1.4859279178396944E-002
          57   1.7379283899423086E-003  -7.8846902900141474E-004  -9.7467198580066720E-004  -1.2047889816348557E-003   2.5775654290622050E-003  -7.8861511436051053E-004   2.8949299754843032E-003  -3.5437696654758272E-003   3.2642489676732722E-003   2.2428723902286247E-004   2.6525880907805091E-004   7.2894559851549422E-003  -9.6934084105518290E-005  -2.5980324427467187E-003   5.1108077348011073E-003   2.1890543327867721E-002   2.2937413541273263E-002   5.9464890496416477E-002   6.9996856397395599E-002   9.9522310387829604E-002  0.16117965326863257        2.4327529987220532E-003   2.8679551359366328E-003   3.2080561789231297E-003   2.6901086000619013E-003   4.2502116872042452E-003   2.6646936546167216E-003   5.4757506204934541E-003   4.1850151041521039E-003   2.9002231467344891E-003   6.3665564374360602E-003   2.9824002059954352E-003   4.1853163052764358E-003   4.8740364098496637E-003   7.4312508488345369E-003   1.2383962459562824E-002   7.5052594449393582E-003   9.9174766158489740E-003   1.1612925985143423E-002   1.0639186678039869E-002   9.2513664427713600E-003   1.6876687479574146E-002
          58  -2.8686815773172141E-003  -5.2720043543847067E-004   8.7036811810124618E-004   1.7963592803098649E-004   3.9017719669643121E-003  -7.1495733041198210E-005   4.8850090312490624E-003   4.1715322503993232E-003   6.8959690815606324E-003   7.5446015237967175E-003   2.5895926434804117E-003   1.4798909162491096E-002  -1.8631642388574495E-003   1.2086225872687395E-002   2.0438145946498516E-002   3.0516741821447223E-002   3.0697372953399756E-002   7.3108602705080808E-002  0.11054329599203043       0.14594172971251509       0.22101088442773206        2.4490254548204895E-003   2.6417302518354068E-003   3.3188568746450697E-003   3.2018911672373812E-003   2.7893150743598522E-003   2.8138902805477056E-003   4.0739131450394260E-003   5.1539212742432042E-003   5.2420219428214879E-003   7.5961761824192035E-003   6.0868627254894473E-003   5.1090452574769343E-003   6.8511822129689896E-003   9.2338645170030771E-003   8.9461390937553651E-003   8.6050394541627162E-003   7.7539546442260739E-003   1.3567204492627331E-002   8.9105154609584441E-003   1.0316246184807700E-002   1.5414594106143507E-002
          59  -1.9304372135139013E-003   3.4749137240082275E-004   4.8209756156559829E-004   9.0113552366206148E-004   3.8199354596481837E-003   1.5745803397233236E-003   1.3939843770882840E-003   8.8082097791895905E-003   6.8998057757876981E-003   9.3746891240023143E-004   1.2314910450824322E-002   9.0101097451130950E-003   4.2249063785114683E-003   2.1243179899374232E-002   3.3561652082868106E-002   5.4855016017082196E-002   6.0894570442911099E-002  0.10956944335285529       0.15797297008570721       0.20050657167523150       0.29540367413271140        2.3075901508615220E-003   2.5961021130774440E-003   3.5959209419949476E-003   3.6755635094875548E-003   5.0102436585200963E-003   3.1734046817750126E-003   2.4717320650853533E-003   6.5123200322481298E-003   4.4201315370631768E-003   4.0573060491239342E-003   7.0138078174149061E-003   6.8818413239978924E-003   7.1634879628879461E-003   4.2331664692735029E-003   8.0455833894987217E-003   9.8835697533398471E-003   6.1793817649773292E-003   8.4713691874854120E-003   8.0010033850520489E-003   1.3498546073545756E-002   1.9910072005564890E-002
          60  -3.1827134436905488E-004   3.3526159107272009E-003  -1.8126641684262181E-003   5.7308974471781135E-003   3.9642473020549190E-003   9.0459672788401806E-004   1.3916548155988272E-002   9.7035255339837732E-003   1.3439943698194725E-002   8.1313877829794004E-003   2.0453344542556311E-002   2.4611699832970617E-002   3.8383589205247710E-002   5.0113317444071361E-002   5.6093213618861736E-002   8.6699534596891809E-002  0.11397436705057805       0.17412373050170807       0.21481862241665184       0.28621686924178502       0.39018268968649739        2.4561201140605336E-003   2.5539188454705136E-003   2.6679770920143733E-003   4.6506670336819199E-003   3.4989934618688558E-003   4.2106323362104481E-003   2.8533060081288274E-003   3.6477510472611085E-003   6.0740164060394970E-003   4.1638705499719647E-003   6.4775643560579842E-003   8.1485310818882068E-003   4.8496132347371525E-003   6.6051154233527365E-003   9.6626867904255082E-003   1.1579368736109074E-002   8.8064551928278799E-003   9.9118888114772680E-003   8.5407216791144828E-003   9.7995200209169044E-003   1.6946758991645650E-002
          61   3.1310653286542888E-003   4.8765577859213698E-003   2.4075524398642985E-003   7.1268508785751576E-003   5.5537511013715292E-003   1.4331316919309665E-002   1.7457897887185856E-002   2.1376281521620071E-002   2.2780738466481296E-002   2.9694494349612247E-002   4.6167844136333014E-002   5.2725219463609925E-002   7.1248514646709282E-002   9.3605910007117238E-002  0.10743224555298703       0.13814091961300518       0.20439826599393582       0.26753656186197389       0.31864204676482882       0.39198595860848362       0.51679767305003754        3.2595500723251736E-003   2.1294734052790783E-003   4.1658629830959503E-003   3.0403196695052153E-003   3.2855058709501017E-003   3.0145034593946360E-003   5.6343398693751278E-003   4.3711296244682346E-003   6.8993379765653990E-003   4.5639245681329682E-003   4.6185438999716598E-003   8.4606241045578189E-003   5.4709593781466573E-003   8.2247499404867492E-003   6.7915847440304274E-003   1.0213811295963923E-002   1.0597896721348503E-002   1.1910014527404504E-002   9.6042907990100939E-003   1.0245295534667475E-002   1.1961817130435483E-002
          62   1.3337294378410648E-002   1.7781939941736772E-002   2.1430267106115730E-002   2.4116903432256243E-002   3.0928372411565860E-002   3.3879539231790899E-002   4.2293930943948975E-002   4.9433451292045530E-002   5.6709709774176408E-002   7.2055122849479500E-002   9.5597363192717610E-002  0.11700305337049156       0.14361430859803731       0.17050439123649302       0.20848496887628884       0.25843675035398939       0.31935752138428375       0.39450563206551598       0.47401169867375026       0.54162280289642617       0.66133657808076662        1.8252632468085239E-003   4.1173830554140280E-003   4.0913553478388450E-003   2.0983110405391032E-003   3.7105973911325360E-003   2.6579550676275746E-003   3.5409991683677585E-003   5.3549842006849376E-003   5.2506495484063095E-003   6.5951553774572227E-003   5.5781224790852251E-003   3.1487492662880183E-003   4.9169588352198116E-003   8.6354077834180452E-003   6.0999278969652276E-003   7.6728170847662107E-003   9.3438494878453383E-003   1.0662091615969796E-002   7.6741027985899818E-003   8.9812260494365314E-003   1.4832853436131950E-002
          63   5.8293172188182259E-002   6.8725041722774410E-002   7.5734271502756412E-002   8.3353851239539714E-002   9.6051129146643807E-002  0.11081820613135940       0.12955773194585019       0.14429903136821273       0.16216936496994444       0.17691985836992069       0.21351127282850985       0.25055075698133655       0.28521367988320007       0.33117665298374732       0.37803781678911047       0.44421127612175276       0.51618292417916978       0.60205795339151413       0.67682994991248246       0.75744008827561315       0.88546789827171335        2.6944735385010434E-003   3.4356645758773000E-003   2.9405075368832039E-003   2.8185741384409127E-003   3.3905897618191558E-003   2.6640963658223194E-003   2.7842961700228659E-003   3.8914823840763080E-003   3.1329389697369887E-003   5.3851333911782550E-003   4.3154895867929064E-003   6.3650953267977419E-003   5.8744706630951254E-003   7.8699382973144716E-003   4.9269634112442786E-003   7.9862981454712160E-003   9.5809671425212267E-003   8.3069489814070491E-003   6.9782646092806135E-003   7.2091949442030737E-003   1.1119746403141116E-002
          64  0.25318287983420851       0.26915549965718016       0.28583455735077562       0.30085090945909271       0.32050040128936746       0.34123361342225345       0.37329625448497594       0.40358826303533696       0.43118371938478073       0.46077390972857785       0.50377020717620580       0.54990579435570164       0.59327491942875454       0.65173589093256135       0.70524322531794248       0.77438231551265668       0.83795244346502640       0.91801504291879021       0.99627178772635516        1.0862429043720063        1.1804964985890756        2.2348410114652459E-003   3.1621676052097244E-003   3.9807097105650259E-003   6.3595325995051983E-003   3.9861491053489141E-003   6.0979912435854856E-003   3.6432452185984512E-003   5.3145476450608591E-003   4.0815210095067195E-003   4.3091524163243293E-003   4.0816627263721792E-003   4.7987368099319154E-003   5.0832919908914385E-003   4.9825958726141652E-003   6.4163850742928463E-003   6.6499274440363944E-003   5.3759270165167541E-003   3.9959865140497229E-003   7.2550579171923391E-003   6.0499583195036998E-003   8.6216421899414225E-003
