   2.0000000000000000       0.12718969884369810        1.0339031641212434E-003
   1.8599999999999999       0.12766329429964937        1.3786861463295536E-003
   1.7200000000000000       0.13084062393016266        1.1660638162753832E-003
   1.5800000000000001       0.13278612269871198        1.0236878028365237E-003
   1.4399999999999999       0.13394776344051501        1.0340163885319688E-003
   1.3000000000000000       0.13567918202947205        9.8146979262646078E-004
   1.1600000000000001       0.13781806580974454        8.8089749662674304E-004
   1.0200000000000000       0.14116394526364098        1.0388656338847471E-003
  0.87999999999999989       0.14303347408055761        9.6893616574015564E-004
  0.73999999999999999       0.14339480837448601        7.6670693451914103E-004
  0.60000000000000009       0.14766856029876402        1.0603095707001477E-003
  0.45999999999999996       0.15072839043081213        1.7943327462089217E-003
  0.32000000000000006       0.15329730913805456        1.5510923055239705E-003
  0.17999999999999994       0.15500435378203745        1.8818319205784612E-003
   4.0000000000000036E-002  0.15741031359923061        1.8774335345835688E-003
 -0.10000000000000009       0.16398884884472426        1.7037818017903077E-003
 -0.24000000000000021       0.16610369104293365        1.3276258406950900E-003
 -0.37999999999999989       0.17013896564126735        1.7232611391679732E-003
 -0.52000000000000002       0.17478970797536036        1.4330026610322941E-003
 -0.66000000000000014       0.18086407243487382        1.2344805935626966E-003
 -0.79999999999999982       0.18228369685345439        1.5446691999682358E-003
 -0.93999999999999995       0.18779330395186589        1.2959612087699534E-003
  -1.0800000000000001       0.19262934869409584        1.6278196821492537E-003
  -1.2200000000000002       0.19889569425292800        1.1645196790361879E-003
  -1.3599999999999999       0.20165973135005377        1.3659416710673359E-003
  -1.5000000000000000       0.21200795314349016        1.9830884682173039E-003
  -1.6400000000000001       0.22009175875493059        1.3228914623822701E-003
  -1.7799999999999998       0.23076653479899709        1.8240790264963060E-003
  -1.9199999999999999       0.23319930893790836        2.1576707883789507E-003
  -2.0599999999999996       0.24518265318725518        2.3474073389418149E-003
  -2.2000000000000002       0.25885270865168636        2.0525769624184431E-003
  -2.3399999999999999       0.26799444835441288        1.8759428480440168E-003
  -2.4800000000000004       0.28578900101537824        2.0452459467572882E-003
  -2.6200000000000001       0.29646843902964831        2.7998623218965118E-003
  -2.7599999999999998       0.31328615594410641        2.4552926199784453E-003
  -2.9000000000000004       0.33524323036691611        2.5199701955078064E-003
  -3.0400000000000000       0.35940856293197404        3.1479540207257580E-003
  -3.1799999999999997       0.38358293199823468        3.6293302069542689E-003
  -3.3200000000000003       0.42209382895923636        3.4065317908540918E-003
  -3.4600000000000000       0.45102189629267281        3.1420130742401383E-003
  -3.5999999999999996       0.49689433560425844        3.1978081176816126E-003
  -3.7400000000000002       0.55116290384686784        4.6801849495278474E-003
  -3.8799999999999999       0.61635215968594403        4.5787799003673387E-003
  -4.0199999999999996       0.69577650786669620        5.6667052358536450E-003
  -4.1600000000000001       0.79655922514600774        6.1450224843209583E-003
  -4.2999999999999998       0.90921466078621760        4.8216718035301743E-003
  -4.4400000000000004        1.0464522110483612        6.8813926949902260E-003
  -4.5800000000000001        1.2015955486607057        8.4044904048595458E-003
  -4.7199999999999998        1.3738559043950249        9.0514023874753036E-003
  -4.8600000000000003        1.5525681759733263        9.8177363614709075E-003
  -5.0000000000000000        1.7088674302775468        8.4648224975404883E-003
