   0.0000000000000000       0.41679453272746547        2.2998619407234040E-003
 -0.14999999999999999       0.43010145331402988        3.1040148353572968E-003
 -0.29999999999999999       0.44559044490612376        3.0680823252971869E-003
 -0.45000000000000001       0.45790597807538386        4.9738340989207647E-003
 -0.59999999999999998       0.47464908084302898        3.5927208281422728E-003
 -0.75000000000000000       0.49122169689503153        4.3122633868573450E-003
 -0.90000000000000002       0.51713220237882795        3.2902296157586676E-003
  -1.0500000000000000       0.54021629059647736        4.5992163703133327E-003
  -1.2000000000000000       0.55994897840224378        3.3302830789574294E-003
  -1.3500000000000001       0.58348816260045877        3.1753658101486711E-003
  -1.5000000000000000       0.61450070906661003        3.2203566977491091E-003
  -1.6499999999999999       0.64692969181972326        3.7522953949088258E-003
  -1.8000000000000000       0.67563277679279676        3.1956280567287405E-003
  -1.9500000000000000       0.71705408343325261        3.1675072826929593E-003
  -2.1000000000000001       0.74977823864670889        3.1951753788299958E-003
  -2.2500000000000000       0.79307530145549776        3.9940075847945166E-003
  -2.3999999999999999       0.83198577549379393        3.8569200156746684E-003
  -2.5499999999999998       0.87819180677860431        2.3398683910368801E-003
  -2.7000000000000002       0.92394232525482911        3.8081498452014486E-003
  -2.8500000000000001       0.97280221530719702        3.8630970067796877E-003
  -3.0000000000000000        1.0231292843403217        4.4855509395852157E-003
